開票区名,得票総数,按分の際切捨てた票数,いずれの候補者にも属さない票数,有効投票数,無効投票数,投票総数,持ち帰りと思われる票数,不受理と決定した票数,投票者数,無効投票率
★都計,6223546.895,0.105,0,6223547,191780,6415327,219,8,6415554,2.99
☆区部計,4230135.952,0.048,0,4230136,133634,4363770,174,3,4363947,3.06
千代田区,29129.000,0.000,0,29129,934,30063,0,0,30063,3.11
中央区,68100.000,0.000,0,68100,2238,70338,39,0,70377,3.18
港区,100384.997,0.003,0,100385,2300,102685,1,0,102686,2.24
新宿区,144442.998,0.002,0,144443,4457,148900,6,0,148906,2.99
文京区,109106.997,0.003,0,109107,3423,112530,1,0,112531,3.04
台東区,87827.997,0.003,0,87828,2830,90658,2,0,90660,3.12
墨田区,120068.997,0.003,0,120069,3964,124033,1,0,124034,3.20
江東区,232532.998,0.002,0,232533,7493,240026,0,0,240026,3.12
品川区,179128.998,0.002,0,179129,5483,184612,1,0,184613,2.97
目黒区,128636.998,0.002,0,128637,3642,132279,0,0,132279,2.75
大田区,329130.998,0.002,0,329131,10280,339411,11,1,339423,3.03
世田谷区,434654.998,0.002,0,434655,13049,447704,1,0,447705,2.91
渋谷区,103717.998,0.002,0,103718,3128,106846,3,0,106849,2.93
中野区,151722.998,0.002,0,151723,4414,156137,2,0,156139,2.83
杉並区,275195.997,0.003,0,275196,7772,282968,1,0,282969,2.75
豊島区,124641.999,0.001,0,124642,4284,128926,3,0,128929,3.32
北区,164072.998,0.002,0,164073,6395,170468,5,0,170473,3.75
荒川区,91793.998,0.002,0,91794,3776,95570,1,0,95571,3.95
板橋区,249830.998,0.002,0,249831,10474,260305,7,0,260312,4.02
練馬区,340152.998,0.002,0,340153,9676,349829,79,0,349908,2.77
足立区,284228.997,0.003,0,284229,8478,292707,1,0,292708,2.90
葛飾区,198570.997,0.003,0,198571,6098,204669,2,0,204671,2.98
江戸川区,283059.998,0.002,0,283060,9046,292106,7,2,292115,3.10
☆市部計,1954584.953,0.047,0,1954585,56284,2010869,45,2,2010916,2.80
八王子市,255574.998,0.002,0,255575,7478,263053,2,0,263055,2.84
立川市,81665.998,0.002,0,81666,2402,84068,1,0,84069,2.86
武蔵野市,74264.998,0.002,0,74265,2140,76405,1,0,76406,2.80
三鷹市,90825.998,0.002,0,90826,2518,93344,1,0,93345,2.70
青梅市,61052.998,0.002,0,61053,2359,63412,0,0,63412,3.72
府中市,118318.998,0.002,0,118319,3289,121608,1,0,121609,2.70
昭島市,51561.999,0.001,0,51562,1465,53027,1,0,53028,2.76
調布市,109503.998,0.002,0,109504,3030,112534,13,0,112547,2.69
町田市,202539.998,0.002,0,202540,5445,207985,18,1,208004,2.62
小金井市,57789.998,0.002,0,57790,2112,59902,0,0,59902,3.53
小平市,91196.997,0.003,0,91197,2345,93542,1,0,93543,2.51
日野市,87974.998,0.002,0,87975,2601,90576,0,0,90576,2.87
東村山市,72245.999,0.001,0,72246,1928,74174,0,0,74174,2.60
国分寺市,61273.998,0.002,0,61274,1704,62978,4,0,62982,2.71
国立市,38320.000,0.000,0,38320,1160,39480,0,0,39480,2.94
福生市,25171.999,0.001,0,25172,818,25990,0,0,25990,3.15
狛江市,38499.997,0.003,0,38500,1442,39942,0,0,39942,3.61
東大和市,40581.000,0.000,0,40581,971,41552,0,0,41552,2.34
清瀬市,36012.999,0.001,0,36013,1037,37050,0,0,37050,2.80
東久留米市,56070.997,0.003,0,56071,1831,57902,0,0,57902,3.16
武蔵村山市,29689.998,0.002,0,29690,844,30534,0,0,30534,2.76
多摩市,74186.997,0.003,0,74187,1736,75923,1,0,75924,2.29
稲城市,41692.999,0.001,0,41693,1061,42754,0,0,42754,2.48
羽村市,25278.998,0.002,0,25279,841,26120,0,0,26120,3.22
あきる野市,36084.998,0.002,0,36085,1280,37365,1,1,37367,3.43
西東京市,97201.998,0.002,0,97202,2447,99649,0,0,99649,2.46
☆西多摩郡計,25829.992,0.008,0,25830,1100,26930,0,0,26930,4.08
瑞穂町,13661.998,0.002,0,13662,527,14189,0,0,14189,3.71
日の出町,8051.997,0.003,0,8052,341,8393,0,0,8393,4.06
檜原村,1343.000,0.000,0,1343,115,1458,0,0,1458,7.89
奥多摩町,2772.997,0.003,0,2773,117,2890,0,0,2890,4.05
☆島部計,12995.998,0.002,0,12996,762,13758,0,3,13761,5.54
大島支庁小計,6381.998,0.002,0,6382,403,6785,0,1,6786,5.94
大島町,3859.998,0.002,0,3860,272,4132,0,0,4132,6.58
利島村,199.000,0.000,0,199,13,212,0,0,212,6.13
新島村,1421.000,0.000,0,1421,65,1486,0,0,1486,4.37
神津島村,902.000,0.000,0,902,53,955,0,1,956,5.55
三宅支庁小計,1432.000,0.000,0,1432,76,1508,0,0,1508,5.04
三宅村,1245.000,0.000,0,1245,67,1312,0,0,1312,5.11
御蔵島村,187.000,0.000,0,187,9,196,0,0,196,4.59
八丈支庁小計,3996.000,0.000,0,3996,228,4224,0,0,4224,5.40
八丈町,3900.000,0.000,0,3900,221,4121,0,0,4121,5.36
青ヶ島村,96.000,0.000,0,96,7,103,0,0,103,6.80
小笠原支庁小計,1186.000,0.000,0,1186,55,1241,0,2,1243,4.43
小笠原村,1186.000,0.000,0,1186,55,1241,0,2,1243,4.43
:ﾒﾒ膳撒9R棈�#ｵ車9R�C�mﾞyu､m�mﾞ凅u$ﾉｲbｧﾚｼ5YVﾋｪcﾅBNｽMｼZ軻ﾕｲｬbVｬ訥O捶孰�ﾐ�ｾ�Cb�6�ｽ:R覃ｹ#Mi覃sGZ8R瓸eｼ葆譚｡WGｪｩv､ﾆ岨G龕Kﾐ;+q%ｴﾖﾎRGﾚ)ﾑ逹｡WG�,+Vqｪﾏ[Cｯ��8ｵY>|cn｢ﾏ;ΜV)+ﾖr�ｼ5Yｱ懶Z�Cｯ｣cCｯ浯ﾁm6磊(Gﾆﾘﾄ�2Gﾊi鶇3G�;ﾒﾂ�
G*�%�>�ｾ:R薊ｵ#5ﾎ温ﾎJ�#4ﾄsJg存AJ�t&_IｲｬXﾅｩ>oMｾZ剖ﾇ喝憇K鬯e粉ｬZ剖ﾌｲｪYｱ恟ﾋS'_/舟ｾﾞ�'Gｿ鵰Yﾔ･1+6q､��'ﾋi鶇3G�;ﾒﾂ�
G*i飃+Gｪｩv､ﾆ岨G�ｩw､!H�ﾎJGﾚ:�9+�IｲｬXﾃ�.oYｱ�]ﾞｲｬ:剖ﾈｲ*YV)ﾋｪeYﾅｬﾃﾕ|ｿﾋ�:偂ylC�?tﾗ�2L~姙cl礬�#褥､ｸﾍ;ﾓｯﾎJsg･�#撒^s|Kg･宝�*g･ﾚ�輛ｭｳR踪ｽsｸ!H<�n紿[輛;g･ｽ#I��8ﾕ豁餮ﾋｲﾊXｱ惨mﾞWｫ弾粉ｬZ剖ﾌ:\ﾍ�ﾓｯ良ｦ_?ｴ7m.�o姙cl礬�#蜴4u､�#ﾍi瓸�#侮ｴt､�#U撒;R紿ｭ#u車;ﾒ狷w抦ｴq､愠1ｪｹｻ4f0�$ﾋ�5懋sﾊXVﾋ*dY�,ｫ覇ﾕｲｬbﾖ疔ｾﾟ薜ｽ<6�奛ﾋ嚴ｺ\ﾆ糧0ﾘﾄ�2Gﾊ紵q孩&`i�n皰T8RyiL�-摯V撒9R棈�#ｵ車9R�ｧ!J�>�ﾀ:ﾒ6H ;g･ｽ#I�ｫ8ﾕ遲Xﾋｲ鷙ｱ旋Sjb%'6ﾎ;qPｬ薺濤F`-�9ﾟ�ｧ実^�籏_���}y躰3ﾇ糧4ﾘﾄ�2Gﾊ紵q努F`i�n皰T8R飃KGZ9R薊ｵ#5車:R踪ｽ#AJﾜｱqF`i�e隨ｴw$ﾉｲbｧzｼ5kYV+ﾖqb娥ｰMY噴Xﾊ珂+ｳﾖｲ該ｱ囂|Mﾔ蟀#ｰ宥ｿM�?xWﾞﾌ1
6q､ﾌ沢Kcﾖm�4s､ｹsｸ�R瓸･#-i薊�#ﾕ車8R��#4)ﾑ笶Gﾚ価#ﾊﾉﾓﾞ9彭Yｱ�-ﾞ�ｵ,ｫ憩ﾕｱb!ｧ^ﾆ;GｴJYV-ﾋ*fﾅj>�2�ﾔﾋ#ｷ��ｯ��?y覘oｼ3e適cX,sVﾊ摯ｦ�4s､ｹ#-ｩp､ﾒ走雫r､ﾊ阻Gjｩu､ﾎ想Gb�0Pkgｩ�#m/巧ﾍ攀ﾒﾞ�$ﾋ涯徊S｡ｲ鷙ｱ心ｯ缸/ﾑUｬ袂ﾍk�ｺV9+ﾖｿ��ｧ質^}ﾗ�ｾ�｣[央5ﾎ�#e飼_snSg･匍ﾒﾜYi瓸�#報痴謡f_ｩr､ﾚ�酘[g･ﾎ想G�愃#�ｿ:ﾒ6/ﾞ凭u$ﾉｲbｧﾚｼ5�jYｱ心mﾞ嘸V禊)ｭ#ﾆbNuyk晥ｲb=ﾛ`s��鷹ﾗw]�瑁gtp|i｀)s､�亅�:+ﾍ恤賽JG*ｩtﾎi鬯ｴr､ﾊ阻Gj�o摯:G�iR｢ﾉ;同雫Rb{�3H弾ﾅ"Nkｲｬ2剖ﾇ喝恫|ｵ刺粉ｬZ剖ﾌ閑|�ﾍｩ同宥&_ﾟボkﾂﾘ`b･3H�#褥､ｸﾇ;cｯﾎJsg･�#撒:ﾒﾒ膳撒9R棈�#ｵ車9R�C�ﾎﾔｫ#mζ殤牀ｴw$ﾉｲbｧzｼ5YVﾋｪcﾅBNｽ渼LﾐﾆRNｽ執ｦ^-+VﾗｧNｽ^凛}ﾗ�}ﾟ�ﾝ俗s�圷+c�礬�#蘂籏Jｳ q舜､�ｸﾂ遷GZ:ﾒﾊ�*Gｪｩq､ﾖ�:G�i飲Ek�,ｵq､mﾌ
ﾟ背目;壇Yｱ�]ﾞｲb'nﾊ宮nｬd�ﾅRN|$e|ｪｹﾋ[goUｳｬrVｬ�#欟vu��束ﾗw]��u}�ﾎ�1�5q､ﾌ喪G�:ﾒﾌ第雫p､ﾂ遷GZ:ﾒﾊ�*Gｪｩq､ﾖ�:G�iﾒ#�@Jgｩ�#m胝ﾐﾚ9K�IｲｬXﾆｩ.oｽZV,腟謡ｾｦ5睦筐|ｼ.�V5ﾋ*gﾅz>�ﾔ｡ﾗｫ#Cｯｿ�����淳ﾕﾝ｡ｭ3ｾese�M)s､<H｢ｩｳﾒ,><n�ﾟﾂ�
逵JGZ:ﾒﾊ�*Gｪｩq､ﾖ�:G�i�ﾟｳq目8ﾒ6H<蘚e�NｲｬXﾅｩ>o鎖Z剖ﾇ喝��
Vｪﾏ;ﾟkﾕｲb1ｧ恝5�cｯWGﾆ^ﾐ�mｲｹｺ;ｴ�ｯ_gGﾊｮ栗ｲﾜ即�4s､ｹ#-ｩp､ﾒ走雫r､ﾊ阻Gjｩu､ﾎ想Gｔ頸ﾎﾐｫ#mζaseLq鄧ﾃI�k8ﾕ蟄｡WﾋｲﾊXV+rbｷｼﾓ]d粉ｬZ剖ﾌ閑|ｬﾋ�:ud頷]�ﾐ&岫ｻc[�.�ｽ:R覃ｹ#Mi覃sGZ8R瓸･#-i薊�#ﾕ車8R��#4)qﾓﾆ{ｶ僧�]ﾞ{u$ﾉｲbｧｺｼ5\YeｬXﾇ悔_ヵ�ﾎZV)ﾋｪeYﾅｬXﾍﾇｺ�cｯWGﾆ^ﾐ�mｳｹ
甜�6�ｾ:R覃ｹ#Mi覃sGZ8R瓸･#-i薊�#ﾕ車8R��#4ﾄ�wｿ:Kmi$,理ｳﾒﾞ�$ﾋ涯懋�eﾅ:N�V��+�ｬ5琮YV1ﾋｪfﾅr>Wｧﾎｾ^凩���~誾z菷�Q$�+cl礬�#蜴4u､�#ﾍi瓸�#侮ｴt､�#U撒;R紿ｭ#u車;ﾒﾖﾚYj紿ﾛ 矚vﾎJ{G�,�'埔5琮YV+rbﾃ|ｰ_	h=Fｫ貌ｳｬjV,軣ﾛlN}ｽ:2洄ｮﾉｼ+eﾉ��8R覃ｹ#Mi覃sGZ8R瓸蝠1ｸtVZ9R薊ｵ#5ﾎ温ﾎJ�#4)q[ﾞ處u､橾｡1ﾇ�=ﾞ仞ﾜ;∮,+q黼ｼ5YV+ﾖqｪﾇ;剖ﾉｲJYV-ﾋ*fｮ踴=�ﾔﾁﾗｫ#Ρ��{衷ｿ��8R覃1
7uV�9+ﾍ摯撒8R飃KGZ9R薊ｵ#5車:R踪ｽ#A�ﾌ^;Kmiﾅo狷n�OｲｬXﾆｩ.o裟:'ｯXﾈｩｭ磐鑢<"盜,fｾｫcUｳｬr剖ﾏ�}ﾜoﾎｾ^凩�ﾝ�����ul#袿ﾑｭｳD�7Fﾊ&飼]eｹｳﾒﾔYi谺4wVZ8R瓸蝠1ｮｹtVZ9R薊ｵ#5ﾎ温ﾎJ�#4ﾄ'�?ｫﾌYj紿ﾛ ｫ銅ｽs8ﾉｲbｧｺｼ5�YV+2o糟復z-o}雖eYﾅ,ｫ�ﾋkS㍉ｯ�ｿｾk靕\Ⅵ1脅6ｦﾀ&飼9RO
崗ｳﾒﾌ第ﾎ�ﾎJ�#侮ｴt､�#U撒;R紿ｭ#u車;ﾒ$ﾞ`罧ｴqRｰｽ6F>wﾎ磋�$YV,礇捷,ｫ各奮b'^ﾉ;ﾗTｱ�帛ｭjYV1+V6ﾗｧ疾^}}ﾗ�ﾝｯｹｾ;ｷﾅ殪pm劇M)s､�録�:+ﾍ恤賽JG*ｩt､･#ｭｩr､ﾚ�Gjｩs､ﾞ漕kc s抦ｴq､m煽f叉ﾒﾞ�$ﾋ�5徊ﾜｫeYeｬXﾇｩ�ﾇZ噴Xﾊ謁(�ｭbVｬ訥-�ﾔｹﾗ�#sｯｷ��鞐梦0ｲ�d|m�M)s､<�g靱第ﾎ�ﾎJ�#侮ｴt､�#U撒;R紿ｭ#u車;ﾒpm袈ｮ摯6雫ｽ6�3wN樢ﾎ�$ﾋ界懋ﾌｫeﾅ2N�ｴﾖ喝愃Ucｭe粉ｬZ剖ﾌ閑|ｬﾇ�:}d踞]�?xｫ蹊xhﾇﾗﾆｴﾙﾄ卒kc�,w､ｩ#ﾍi珒G*ｩtｮﾓﾒYi薊�#ﾕ車8R�<ｺﾎYｩw､!HｼEﾞYi紿ﾛkc8s隨ｴw$ﾉｲbｧZｼ5YV+ﾖqbﾊZﾋｪdY･,ｫ貌ｳb5ﾟｵ﨧^ｯ�ｼｾk���/b莵\ｯ宰ｯ�#e飼	oM摯fﾗﾆx籤�ﾎ�
G*ｯ挫ｽ･ｳﾒﾊ�*GｪｩqNｼuV�ｩw､!�o殳目8ﾒ6ｭ攀ﾔﾞ�$ﾋ各懋ﾀｫ�4+2ﾟ`鴛惻Ys陋R?tyk獨z祁5ﾋ*gﾅzｾ�*�?u瑾抦ﾀ�.hﾚ�:Lｭ%^ﾉｳm徒c8,sVﾊ摯ｦ�4s､ｹ#-ｩp､2HｼGﾞYi薊�#ﾕ車8'ﾞ:+u車;ﾒ$|AｰvVﾚ8ﾒ6H央5ﾎｰｫ#I��8ﾕ罸aWﾋ各忝%oｻ+ｫｰV)ﾋｪeYﾅｬﾃﾕ|ｿﾇ�:�}�^ﾟC*m�ｯ�9ｳﾉｵ1�9+蜴4u7sV�;+-ｩp､ﾒ走雫r､ﾊ阻Gjｩu､ﾎ想Gｮ絞ﾊｵｳﾒﾆ存N柧ﾎJ{G�,+ﾖpｪﾅ[｣ｮ�ﾋ8ﾕ笶XﾈｩｭQWﾋｲjYV1+V靏ｧ室^菇ﾗｷ-�ﾐ'ﾊ_�ｼﾄﾍgﾔﾕ�2Gﾊi鶇3G�;ﾒﾂ�
G*i飃+Gｪｩv､ﾆ岨G�ｩw､!H��ﾎJGﾚﾆr��ｺ:∮,+qｪﾇ[｣ｮ�ﾋ8ｫ5�ｬﾔｭg-ｫ覇ﾕｲｬbVｬ�#3Pﾗｧ室^u�ﾍｯ�匏ｵ跟､Vb3�H�#袮ﾆｸﾝﾔYi谺4wVZ8R瓸･#-i薊�#ﾕ車8R��#4)ﾑ蜊l愿mヴﾘ �ﾋｫ#I�k8ﾕ蟄QWﾋｲﾊXｱ勺喝憇Yc}ﾋｫeYｵ,ｫ�ｫﾍ售']ｯ臭ｺ��ﾋﾜ\swT+qｿﾆWGﾊ)ｿ6�ｦﾎJｳkc麪珒輛�#侮ｴt､�#U撒;R紿ｭ#u車;ﾒ潺e抦ｴq､ｭsｸ攀ﾒﾞ�$ﾋ�5懋ｨｫeYeｬXﾇｩ.陋R?tykﾔﾕｲｬZ剖ﾌ閑|莉｡�:�ｨ�ｺ��5擾k�ｯ渚ｹｯ�#e飼;ﾒﾔ素�4w､�#撒:ﾒﾒ膳撒9R棈�#ｵ車9R�ﾃcc柮抦ｴq､ｭsｸ攀ﾒﾞ�$ﾋ�5懆eUｱｬ2剖ﾇ喝懆Jﾜ聞刺ﾕｲｬbVｬ�#ｯ��:�ｰ�ｺ��5湘ｼ>偕cc礬�#蜴4u､�#ﾍi瓸�#侮ｴt､�#U撒;R紿ｭ#u車;ﾒ$ﾞ_罧ｴq､m煽s�崩�$YV,禝峭^-ﾋ*cﾅ:Nｼ�ｬﾄ-�ｱ�oｾZkYﾅｬXﾍGﾞ|}|��#ｯ?hｶﾘ<>;^&翩ﾆﾄ�2GﾊCpSg･ﾙccn珒輛�#偏癘ﾎJ+Gｪｩv､ﾆ9Yｩs､ﾞ�'*kg･�#m扛ｰs､ｽs8ﾉｲbｧｺｼ5YV+ﾖq�ｼ�ｮｱ�oｿZGｴjYV1�5ﾟ�ｧ湿>>27�ﾋ?蠍Fﾑｮ/B菇ﾜﾚ�(eqｩDoﾖ(ﾑﾝ拱ﾗxZ�<X#ｴﾁﾂ/*篷sﾇﾃｿt忙9R$<\m=9Mｰﾎﾇ6X(uAﾂﾗﾃｽs鵑<�ｫsZ�:lブ9糀��瞳w曠)ｮ戊ﾓｽ｢Ntz#Wﾕ遨^ﾎ�TｷﾏﾒU稾ｽ�謡ﾗﾇ�蔡丞}ﾆ�6xｪ酩292ﾔ)ﾘﾇ�`?ⅱK8&8!�ﾌ	N	ﾎﾎ	.K��+�ﾁ啻Cｰ%ﾘ�	ﾗ7ｷw��fDaJ�1襯aRРfEﾝMﾋ�;u��A>%8&8!�ﾌ	N	ﾎﾎ	.K��+�ﾁ啻Cｰ%ﾘ�	ﾗ7ｷw��fDaJ�1襯aRРfEﾝMﾋ�;u���ポJpLpB0#����\,��W+�5ﾁ�Kｰ#ﾘｮ	nn	��	
#"ﾌ�0$ﾂ�c"ﾌ�0(ﾂ､｣"ﾌ�0,ｺ尠�5v�ﾎ罩�燔焙`F0'8%8#8'ｸ X,	.	ｮVk�ﾁ冒Gｰ'8\ﾜﾜﾜﾜFD�aH�)ﾆD�aPИFE�aXt7-�!杏ﾗ��)ﾁ1ﾁ	ﾁ形NpJpFpNpAｰ X\\ｬﾖ�-ﾁ餐Op ｸ&ｸ!ｸ%ｸ#ｸ'(決0#ﾂ�S"潔0'ﾂ��"穴0+ﾂｰ鈩Z靕ﾘｩ[ﾐ?ｾ唇	�	Nfs４�3Ｔ��ﾁ亭亭柿Eｰ&ﾘl	v{�ﾁ5ﾁﾁ-ﾁﾁ=AaD���aL�9E�aTШ�wﾓrｯﾆ}|��7ｿｫ��i�4G:E:C:Gｺ@Z -�.属新Hk､ﾒi�G: ]#ﾝ ﾝ"ﾝ!ﾝ#⑧�q|ﾄ�H� q�⑨�"q�r･x�6ﾍ7ｿqｿ℃鮮診Hs､S､3､s､､ﾒ��
i�Fﾚ m宋H{､ﾒ5ﾒﾒ-ﾒﾒ=Rqxﾄ�ﾇG�q�ﾄ	GH�!q案)ﾇH!GP刊n･{���i�4G:E:C:Gｺ@Z -�.属新Hk､ﾒi�G: ]#ﾝ ﾝ"ﾝ!ﾝ#⑧�q|ﾄ�H� q�⑨�"q�r･x黯ｧ7ｿqｿ℃鮮診Hs､S､3､s､､ﾒ��
i�Fﾚ m宋H{､ﾒ5ﾒﾒ-ﾒﾒ=Rqxﾄ�ﾇG�q�ﾄ	GH�!q案)ﾇH!GP刊nBy�存｡ � ﾍ先HｧHgH踪H､%ﾒ%ﾒﾒ
i唆Aﾚ"岦､k､､[､;､{､糅意#誌8?� �$諮8C�唄$資B滋G'冷K��i�4G:E:C:Gｺ@Z -�.属新Hk､ﾒi�G: ]#ﾝ ﾝ"ﾝ!ﾝ#⑧�q|ﾄ�H� q�⑨�"q�r･x齧�7ｿqｿiSﾒ	ﾒi師閣�師�@Z"]"]!ｭ蹟H､-ﾒi春@ｺFｺAｺEｺCｺG*�8=糲印#�8A��3$�8E�)�J�/o~縷)ﾒﾞ､､ﾒ����i�DｺDｺBZ!ｭ�6H[､ﾒ騾t衡フ逆㏄週qzﾄ�蹠 qてgH"q監1Rﾈ披ｩdﾞ��R､-2H'H3､9ﾒ)ﾒﾒ9ﾒﾒi液液�BZ#m生H;､=ﾒ�����ｩ8<糜医#ﾎ�8@��#$ﾎ�8D�営､�#(ﾅSｼ詹H;i侵診Hs､S､3､s､､ﾒ��
i�Fﾚ m宋H{､ﾒ5ﾒﾒ-ﾒﾒ=Rqxﾄ�ﾇG�q�ﾄ	GH�!q案)ﾇH!Gﾉｻm疣｢c､､ﾒ����i�DｺDｺBZ!ｭ�6H[､ﾒ騾t衡フ逆㏄週qzﾄ�蹠 qてgH"q監1Rﾈ披ﾉｻm疣｢c､､ﾒ����i�DｺDｺBZ!ｭ�6H[､ﾒ騾t衡フ逆㏄週qzﾄ�蹠 qてgH"q監1Rﾈ披ﾉｻm疣｢c､､ﾒ����i�DｺDｺBZ!ｭ�6H[､ﾒ騾t衡フ逆㏄週qzﾄ�蹠 qてgH"q監1Rﾈ披ﾉｻm疣｢c､､ﾒ����i�DｺDｺBZ!ｭ�6H[､ﾒ騾t衡フ逆㏄週qzﾄ�蹠 qてgH"q監1Rﾈ披ﾉｻm疣｢c､､ﾒ����i�DｺDｺBZ!ｭ�6H[､ﾒ騾t衡フ逆㏄週qzﾄ�蹠 qてgH"q監1Rﾈ披鞴Ra)#� ﾍ先HｧHgH踪H､%ﾒ%ﾒﾒ
i唆Aﾚ"岦､k､､[､;､{､糅意#誌8?� �$諮8C�唄$資B滋Oﾞm�wﾛ#� ﾍ先HｧHgH踪H､%ﾒ%ﾒﾒ
i唆Aﾚ"岦､k､､[､;､{､糅意#誌8?� �$諮8C�唄$資B滋Oﾞm�wﾛ#� ﾍ先HｧHgH踪H､%ﾒ%ﾒﾒ
i唆Aﾚ"岦､k､､[､;､{､糅意#誌8?� �$諮8C�唄$資B滋Oﾞm�wﾛ#� ﾍ先HｧHgH踪H､%ﾒ%ﾒﾒ
i唆Aﾚ"岦､k､､[､;､{､糅意#誌8?� �$諮8C�唄$資B滋Oﾞm�wﾛ#� ﾍ先HｧHgH踪H､%ﾒ%ﾒﾒ
i唆Aﾚ"岦､k､､[､;､{､糅意#誌8?� �$諮8C�唄$資B腫冷ﾙﾉｻmﾎpｷﾑ1ﾒ	ﾒi師閣�師�@Z"]"]!ｭ蹟H､-ﾒi春@ｺFｺAｺEｺCｺG*�8=糲印#�8A��3$�8E�)�Jﾝ6gｸﾛ��i�4G:E:C:Gｺ@Z -�.属新Hk､ﾒi�G: ]#ﾝ ﾝ"ﾝ!ﾝ#⑧�q|ﾄ�H� q�⑨�"q�r･x�3ﾜmCt荊�4C�#�"�!�#] -趨H幽WH+､5ﾒi橋Cﾚ#整創刃宅扇相ﾃ#N�8>紆�$N�8B�韻$N�8F
9３<yｷﾍ鋐!:F:A�!ﾍ鮮対石�.�HK､K､+､ﾒiΧEﾚ!岺HﾗH7HｷHwHﾅ�ｧGq~ﾄ'H!q�!ｧH#�A)楙ﾛ�wﾛ#� ﾍ先HｧHgH踪H､%ﾒ%ﾒﾒ
i唆Aﾚ"岦､k､､[､;､{､糅意#誌8?� �$諮8C�唄$資B滋G'冷K��i�4G:E:C:Gｺ@Z -�.属新Hk､ﾒi�G: ]#ﾝ ﾝ"ﾝ!ﾝ#⑧�q|ﾄ�H� q�⑨�"q�r･x�3ﾜmCt荊�4C�#�"�!�#] -趨H幽WH+､5ﾒi橋Cﾚ#整創刃宅扇相ﾃ#N�8>紆�$N�8B�韻$N�8F
9３<yｷﾍ鋐!:F:A�!ﾍ鮮対石�.�HK､K､+､ﾒiΧEﾚ!岺HﾗH7HｷHwHﾅ�ｧGq~ﾄ'H!q�!ｧH#�A)楙ﾛ�wﾛ#� ﾍ先HｧHgH踪H､%ﾒ%ﾒﾒ
i唆Aﾚ"岦､k､､[､;､{､糅意#誌8?� �$諮8C�唄$資B滋Oﾞms�m�鮮診Hs､S､3､s､､ﾒ��
i�Fﾚ m宋H{､ﾒ5ﾒﾒ-ﾒﾒ=Rqxﾄ�ﾇG�q�ﾄ	GH�!q案)ﾇH!G萬6邵ﾛ��i�4G:E:C:Gｺ@Z -�.属新Hk､ﾒi�G: ]#ﾝ ﾝ"ﾝ!ﾝ#⑧�q|ﾄ�H� q�⑨�"q�r･x孕ﾜmCt荊�4C�#�"�!�#] -趨H幽WH+､5ﾒi橋Cﾚ#整創刃宅扇相ﾃ#N�8>紆�$N�8B�韻$N�8F
9３<yｷﾍ9鋐!:F:A�!ﾍ鮮対石�.�HK､K､+､ﾒiΧEﾚ!岺HﾗH7HｷHwHﾅ�ｧGq~ﾄ'H!q�!ｧH#�A)楙ﾛ�wﾛ#� ﾍ先HｧHgH踪H､%ﾒ%ﾒﾒ
i唆Aﾚ"岦､k､､[､;､{､糅意#誌8?� �$諮8C�唄$資B滋Oﾞms悉m�鮮診Hs､S､3､s､､ﾒ��
i�Fﾚ m宋H{､ﾒ5ﾒﾒ-ﾒﾒ=Rqxﾄ�ﾇG�q�ﾄ	GH�!q案)ﾇH!GP乾適q├t荊�4C�#�"�!�#] -趨H幽WH+､5ﾒi橋Cﾚ#整創刃宅扇相ﾃ#N�8>紆�$N�8B�韻$N�8F
9３<yｷﾍ9鋐!:F:A�!ﾍ鮮対石�.�HK､K､+､ﾒiΧEﾚ!岺HﾗH7HｷHwHﾅ�ｧGq~ﾄ'H!q�!ｧH#�A)楙ﾛ�wﾛ#� ﾍ先HｧHgH踪H､%ﾒ%ﾒﾒ
i唆Aﾚ"岦､k､､[､;､{､糅意#誌8?� �$諮8C�唄$資B滋Oﾞms悉m�鮮診Hs､S､3､s､､ﾒ��
i�Fﾚ m宋H{､ﾒ5ﾒﾒ-ﾒﾒ=Rqxﾄ�ﾇG�q�ﾄ	GH�!q案)ﾇH!GP�'�9ﾇﾝ6DﾇH'H3､9ﾒ)ﾒﾒ9ﾒﾒi液液�BZ#m生H;､=ﾒ�����ｩ8<糜医#ﾎ�8@��#$ﾎ�8D�営､瀬詹xq�ﾜmCt荊�4C�#�"�!�#] -趨H幽WH+､5ﾒi橋Cﾚ#整創刃宅扇相ﾃ#N�8>紆�$N�8B�韻$N�8F
9３<yｷﾍ鋐!:F:A�!ﾍ鮮対石�.�HK､K､+､ﾒiΧEﾚ!岺HﾗH7HｷHwHﾅ�ｧGq~ﾄ'H!q�!ｧH#�A)楙ﾛ�wﾛ#� ﾍ先HｧHgH踪H､%ﾒ%ﾒﾒ
i唆Aﾚ"岦､k､､[､;､{､糅意#誌8?� �$諮8C�唄$資B滋Oﾞms⊇m�鮮診Hs､S､3､s､､ﾒ��
i�Fﾚ m宋H{､ﾒ5ﾒﾒ-ﾒﾒ=Rqxﾄ�ﾇG�q�ﾄ	GH�!q案)ﾇH!GP�'�ｹﾀﾝ6DﾇH'H3､9ﾒ)ﾒﾒ9ﾒﾒi液液�BZ#m生H;､=ﾒ�����ｩ8<糜医#ﾎ�8@��#$ﾎ�8D�営､�#(ﾅﾑﾉ･8ﾂR:F:A�!ﾍ鮮対石�.�HK､K､+､ﾒiΧEﾚ!岺HﾗH7HｷHwHﾅ�ｧGq~ﾄ'H!q�!ｧH#�A)楙ﾛ�wﾛ#� ﾍ先HｧHgH踪H､%ﾒ%ﾒﾒ
i唆Aﾚ"岦､k､､[､;､{､糅意#誌8?� �$諮8C�唄$資B滋Oﾞms⊇m�鮮診Hs､S､3､s､､ﾒ��
i�Fﾚ m宋H{､ﾒ5ﾒﾒ-ﾒﾒ=Rqxﾄ�ﾇG�q�ﾄ	GH�!q案)ﾇH!GP�'�ｹﾀﾝ6DﾇH'H3､9ﾒ)ﾒﾒ9ﾒﾒi液液�BZ#m生H;､=ﾒ�����ｩ8<糜医#ﾎ�8@��#$ﾎ�8D�営､�#(ﾅ努ﾛ\瀟｢c､､ﾒ����i�DｺDｺBZ!ｭ�6H[､ﾒ騾t衡フ逆㏄週qzﾄ�蹠 qてgH"q監1Rﾈﾑ�R攵ﾛf┰m�鮮診Hs､S､3､s､､ﾒ��
i�Fﾚ m宋H{､ﾒ5ﾒﾒ-ﾒﾒ=Rqxﾄ�ﾇG�q�ﾄ	GH�!q案)ﾇH!GP�'�疣｢c､､ﾒ����i�DｺDｺBZ!ｭ�6H[､ﾒ騾t衡フ逆㏄週qzﾄ�蹠 qてgH"q監1Rﾈ披ﾉｻmFｸﾛ��i�4G:E:C:Gｺ@Z -�.属新Hk､ﾒi�G: ]#ﾝ ﾝ"ﾝ!ﾝ#⑧�q|ﾄ�H� q�⑨�"q�r･x�鋐!:F:A�!ﾍ鮮対石�.�HK､K､+､ﾒiΧEﾚ!岺HﾗH7HｷHwHﾅ�ｧGq~ﾄ'H!q�!ｧH#�A)楙ﾛf┰m�鮮診Hs､S､3､s､､ﾒ��
i�Fﾚ m宋H{､ﾒ5ﾒﾒ-ﾒﾒ=Rqxﾄ�ﾇG�q�ﾄ	GH�!q案)ﾇH!GP乾適q├t荊�4C�#�"�!�#] -趨H幽WH+､5ﾒi橋Cﾚ#整創刃宅扇相ﾃ#N�8>紆�$N�8B�韻$N�8F
9３<yｷﾍwﾛ#� ﾍ先HｧHgH踪H､%ﾒ%ﾒﾒ
i唆Aﾚ"岦､k､､[､;､{､糅意#誌8?� �$諮8C�唄$資B滋Oﾞm3ﾂﾝ6DﾇH'H3､9ﾒ)ﾒﾒ9ﾒﾒi液液�BZ#m生H;､=ﾒ�����ｩ8<糜医#ﾎ�8@��#$ﾎ�8D�営､�#(ﾅ努ﾛ継ｷﾑ1ﾒ	ﾒi師閣�師�@Z"]"]!ｭ蹟H､-ﾒi春@ｺFｺAｺEｺCｺG*�8=糲印#�8A��3$�8E�)�Jﾝ6#ﾜmCt荊�4C�#�"�!�#] -趨H幽WH+､5ﾒi橋Cﾚ#整創刃宅扇相ﾃ#N�8>紆�$N�8B�韻$N�8F
9ｺ_蒲'�ｹﾄﾝ6DﾇH'H3､9ﾒ)ﾒﾒ9ﾒﾒi液液�BZ#m生H;､=ﾒ�����ｩ8<糜医#ﾎ�8@��#$ﾎ�8D�営､�#(ﾅ努ﾛ\穗｢c､､ﾒ����i�DｺDｺBZ!ｭ�6H[､ﾒ騾t衡フ逆㏄週qzﾄ�蹠 qてgH"q監1Rﾈ披ﾉｻm.qｷﾑ1ﾒ	ﾒi師閣�師�@Z"]"]!ｭ蹟H､-ﾒi春@ｺFｺAｺEｺCｺG*�8=糲印#�8A��3$�8E�)�Jﾝ6虜ﾛ��i�4G:E:C:Gｺ@Z -�.属新Hk､ﾒi�G: ]#ﾝ ﾝ"ﾝ!ﾝ#⑧�q|ﾄ�H� q�⑨�"q�r･x姙ﾜmCt荊�4C�#�"�!�#] -趨H幽WH+､5ﾒi橋Cﾚ#整創刃宅扇相ﾃ#N�8>紆�$N�8B�韻$N�8F
9３拿�#,E�c､､ﾒ����i�DｺDｺBZ!ｭ�6H[､ﾒ騾t衡フ逆㏄週qzﾄ�蹠 qてgH"q監1Rﾈ披ﾉｻm.qｷﾑ1ﾒ	ﾒi師閣�師�@Z"]"]!ｭ蹟H､-ﾒi春@ｺFｺAｺEｺCｺG*�8=糲印#�8A��3$�8E�)�Jﾝ6虜ﾛ��i�4G:E:C:Gｺ@Z -�.属新Hk､ﾒi�G: ]#ﾝ ﾝ"ﾝ!ﾝ#⑧�q|ﾄ�H� q�⑨�"q�r･x姙ﾜmCt荊�4C�#�"�!�#] -趨H幽WH+､5ﾒi橋Cﾚ#整創刃宅扇相ﾃ#N�8>紆�$N�8B�韻$N�8F
9３<yｷﾍ%鋐!:F:A�!ﾍ鮮対石�.�HK､K､+､ﾒiΧEﾚ!岺HﾗH7HｷHwHﾅ�ｧGq~ﾄ'H!q�!ｧH#�ﾝ/ﾅｫ努ﾛ\疣｢c､､ﾒ����i�DｺDｺBZ!ｭ�6H[､ﾒ騾t衡フ逆㏄週qzﾄ�蹠 qてgH"q監1RﾈﾑｻRｼ�ﾟ_ﾝﾜｼ�<y朋ﾍﾍ�/oﾆ7_�簔gﾏｾU�笑ﾞ�7_ｼ雁'ｷﾗﾂﾏ4}｢r琵砒'喊%~x絜�蝸滉�風沐�痢�}:柀ﾓﾔｱF�箇/G滬�ｷ'�'~6ｾ��8ﾘx��9听}ﾛ尢O?ｫ�?ﾙｷ/遏�蓊ﾙｻ'ｷ�?}ﾙｷOｾﾎ�=�賈ﾋ涌ｿ��2^ﾟ^�ﾋﾑ顰錮｢���/ﾍOﾞ�ｻ�7/^ﾜ�貪��站Wkｾ浯ｱ�?}鰺_ﾞ>ﾟｷ)yｻ��o^��%ｾｸ=ﾆ?�Bﾗ�����?|��獨?ｿ9ﾎ�､ﾓ{�裾|yｳ|ﾋｧﾟｾxﾍｯ�朎�ｯﾞ�ﾋ涖_淺O淇|嶼�ﾍ苫o楞F笑>��nｳg/�?�ﾝaｻ尢ﾟｻ'ﾟﾝ<��ﾁ銈ｻ}ﾘｷ錠�'ｯﾎ�'ｿ{褫'O_ﾞ嵂�ﾁ�莉ｧｷ鞳ﾛﾒﾍｧ�-ｹ��<ｽｽvﾏ遏ｿ;ﾆ婀ﾌ_淪�'_?�ﾍﾓ誉ｽ}ｰｯ袁s�gﾏ�uﾍ�ﾞ�PK   8O%T&ﾁｽｮR  6ｬ    xl/worksheets/sheet15.xml攷mｯ#ﾞ孔ﾞIﾓ�<傷ﾈﾁ=$�,Vｱ橄ｰﾈwｭ�33wｺ{E Y{eGﾚﾘ^ﾋ1ｰｰｻ或ﾙda+ｻ"ﾋIｬﾉｯ�s�喆	垰ﾎ�U$��ﾕU���茵~�Gwｾsﾙﾃﾇ_|�ﾉ7�ｽsG�?~ｧﾟｺ鐱ｾqyｳ�ｾﾁ｣ﾇ_ﾜ|�槹�ｧｿｾw�ｻ勝�豕ﾏnn槧ｹｭｳ瀇ｿu醯湎�焜g}vトﾟ|�諡ﾛ毳鱸槧��O?x�'?ｺ�?�靈ﾏoｾx�ﾁ葯ｽ�槲<zv�