"年月日［西暦］","地区","町丁目","世帯数","人口男［人］","人口女［人］","人口合計［人］"
20120101,"芝地区総合支所管内","芝一丁目",807,652,620,1272
20120101,"芝地区総合支所管内","芝二丁目",1638,1294,1384,2678
20120101,"芝地区総合支所管内","芝三丁目",1865,1413,1547,2960
20120101,"芝地区総合支所管内","芝四丁目",1169,896,1002,1898
20120101,"芝地区総合支所管内","芝五丁目",2003,1360,1668,3028
20120101,"芝地区総合支所管内","海岸一丁目",1202,1000,919,1919
20120101,"芝地区総合支所管内","東新橋一丁目",720,632,715,1347
20120101,"芝地区総合支所管内","東新橋二丁目",210,156,128,284
20120101,"芝地区総合支所管内","新橋一丁目",24,14,16,30
20120101,"芝地区総合支所管内","新橋二丁目",94,69,69,138
20120101,"芝地区総合支所管内","新橋三丁目",151,144,120,264
20120101,"芝地区総合支所管内","新橋四丁目",267,215,193,408
20120101,"芝地区総合支所管内","新橋五丁目",307,255,230,485
20120101,"芝地区総合支所管内","新橋六丁目",517,386,304,690
20120101,"芝地区総合支所管内","西新橋一丁目",149,127,122,249
20120101,"芝地区総合支所管内","西新橋二丁目",203,167,150,317
20120101,"芝地区総合支所管内","西新橋三丁目",335,192,262,454
20120101,"芝地区総合支所管内","三田一丁目",2092,1725,1988,3713
20120101,"芝地区総合支所管内","三田二丁目",1815,1537,1838,3375
20120101,"芝地区総合支所管内","三田三丁目",879,667,741,1408
20120101,"芝地区総合支所管内","浜松町一丁目",760,640,621,1261
20120101,"芝地区総合支所管内","浜松町二丁目",180,143,143,286
20120101,"芝地区総合支所管内","芝大門一丁目",407,317,337,654
20120101,"芝地区総合支所管内","芝大門二丁目",480,342,401,743
20120101,"芝地区総合支所管内","芝公園一丁目",137,97,109,206
20120101,"芝地区総合支所管内","芝公園二丁目",404,274,288,562
20120101,"芝地区総合支所管内","芝公園三丁目",147,127,135,262
20120101,"芝地区総合支所管内","芝公園四丁目",48,31,26,57
20120101,"芝地区総合支所管内","虎ノ門一丁目",159,126,157,283
20120101,"芝地区総合支所管内","虎ノ門二丁目",39,36,31,67
20120101,"芝地区総合支所管内","虎ノ門三丁目",700,545,634,1179
20120101,"芝地区総合支所管内","虎ノ門四丁目",357,226,321,547
20120101,"芝地区総合支所管内","虎ノ門五丁目",205,181,206,387
20120101,"芝地区総合支所管内","愛宕一丁目",36,35,37,72
20120101,"芝地区総合支所管内","愛宕二丁目",156,126,131,257
20120201,"芝地区総合支所管内","芝一丁目",801,654,615,1269
20120201,"芝地区総合支所管内","芝二丁目",1655,1311,1396,2707
20120201,"芝地区総合支所管内","芝三丁目",1878,1418,1558,2976
20120201,"芝地区総合支所管内","芝四丁目",1183,909,1010,1919
20120201,"芝地区総合支所管内","芝五丁目",2006,1361,1662,3023
20120201,"芝地区総合支所管内","海岸一丁目",1209,1005,924,1929
20120201,"芝地区総合支所管内","東新橋一丁目",716,629,711,1340
20120201,"芝地区総合支所管内","東新橋二丁目",211,153,131,284
20120201,"芝地区総合支所管内","新橋一丁目",24,13,17,30
20120201,"芝地区総合支所管内","新橋二丁目",93,68,69,137
20120201,"芝地区総合支所管内","新橋三丁目",150,143,120,263
20120201,"芝地区総合支所管内","新橋四丁目",270,218,193,411
20120201,"芝地区総合支所管内","新橋五丁目",304,254,226,480
20120201,"芝地区総合支所管内","新橋六丁目",517,387,303,690
20120201,"芝地区総合支所管内","西新橋一丁目",151,128,123,251
20120201,"芝地区総合支所管内","西新橋二丁目",204,168,151,319
20120201,"芝地区総合支所管内","西新橋三丁目",340,194,264,458
20120201,"芝地区総合支所管内","三田一丁目",2097,1724,1998,3722
20120201,"芝地区総合支所管内","三田二丁目",1813,1541,1837,3378
20120201,"芝地区総合支所管内","三田三丁目",877,660,740,1400
20120201,"芝地区総合支所管内","浜松町一丁目",757,639,616,1255
20120201,"芝地区総合支所管内","浜松町二丁目",195,155,145,300
20120201,"芝地区総合支所管内","芝大門一丁目",408,318,336,654
20120201,"芝地区総合支所管内","芝大門二丁目",481,341,400,741
20120201,"芝地区総合支所管内","芝公園一丁目",135,96,108,204
20120201,"芝地区総合支所管内","芝公園二丁目",403,275,289,564
20120201,"芝地区総合支所管内","芝公園三丁目",147,127,136,263
20120201,"芝地区総合支所管内","芝公園四丁目",49,32,27,59
20120201,"芝地区総合支所管内","虎ノ門一丁目",161,127,158,285
20120201,"芝地区総合支所管内","虎ノ門二丁目",39,36,31,67
20120201,"芝地区総合支所管内","虎ノ門三丁目",707,552,637,1189
20120201,"芝地区総合支所管内","虎ノ門四丁目",351,232,315,547
20120201,"芝地区総合支所管内","虎ノ門五丁目",209,183,208,391
20120201,"芝地区総合支所管内","愛宕一丁目",35,35,34,69
20120201,"芝地区総合支所管内","愛宕二丁目",154,124,130,254
20120301,"芝地区総合支所管内","芝一丁目",802,657,613,1270
20120301,"芝地区総合支所管内","芝二丁目",1664,1317,1405,2722
20120301,"芝地区総合支所管内","芝三丁目",1876,1418,1558,2976
20120301,"芝地区総合支所管内","芝四丁目",1189,915,1021,1936
20120301,"芝地区総合支所管内","芝五丁目",2027,1367,1670,3037
20120301,"芝地区総合支所管内","海岸一丁目",1214,1012,920,1932
20120301,"芝地区総合支所管内","東新橋一丁目",716,628,710,1338
20120301,"芝地区総合支所管内","東新橋二丁目",212,154,129,283
20120301,"芝地区総合支所管内","新橋一丁目",23,13,15,28
20120301,"芝地区総合支所管内","新橋二丁目",93,68,69,137
20120301,"芝地区総合支所管内","新橋三丁目",149,142,120,262
20120301,"芝地区総合支所管内","新橋四丁目",268,216,190,406
20120301,"芝地区総合支所管内","新橋五丁目",308,258,228,486
20120301,"芝地区総合支所管内","新橋六丁目",526,393,304,697
20120301,"芝地区総合支所管内","西新橋一丁目",154,129,125,254
20120301,"芝地区総合支所管内","西新橋二丁目",204,169,150,319
20120301,"芝地区総合支所管内","西新橋三丁目",342,194,265,459
20120301,"芝地区総合支所管内","三田一丁目",2123,1737,2031,3768
20120301,"芝地区総合支所管内","三田二丁目",1815,1544,1838,3382
20120301,"芝地区総合支所管内","三田三丁目",870,656,741,1397
20120301,"芝地区総合支所管内","浜松町一丁目",756,640,616,1256
20120301,"芝地区総合支所管内","浜松町二丁目",193,153,145,298
20120301,"芝地区総合支所管内","芝大門一丁目",410,319,336,655
20120301,"芝地区総合支所管内","芝大門二丁目",485,345,400,745
20120301,"芝地区総合支所管内","芝公園一丁目",135,96,107,203
20120301,"芝地区総合支所管内","芝公園二丁目",404,271,289,560
20120301,"芝地区総合支所管内","芝公園三丁目",147,128,135,263
20120301,"芝地区総合支所管内","芝公園四丁目",54,34,30,64
20120301,"芝地区総合支所管内","虎ノ門一丁目",162,130,158,288
20120301,"芝地区総合支所管内","虎ノ門二丁目",39,36,31,67
20120301,"芝地区総合支所管内","虎ノ門三丁目",713,556,640,1196
20120301,"芝地区総合支所管内","虎ノ門四丁目",348,229,313,542
20120301,"芝地区総合支所管内","虎ノ門五丁目",208,183,207,390
20120301,"芝地区総合支所管内","愛宕一丁目",34,34,34,68
20120301,"芝地区総合支所管内","愛宕二丁目",155,127,134,261
20120401,"芝地区総合支所管内","芝一丁目",803,654,619,1273
20120401,"芝地区総合支所管内","芝二丁目",1664,1318,1391,2709
20120401,"芝地区総合支所管内","芝三丁目",1890,1421,1563,2984
20120401,"芝地区総合支所管内","芝四丁目",1201,922,1023,1945
20120401,"芝地区総合支所管内","芝五丁目",2033,1360,1678,3038
20120401,"芝地区総合支所管内","海岸一丁目",1210,1002,921,1923
20120401,"芝地区総合支所管内","東新橋一丁目",717,622,708,1330
20120401,"芝地区総合支所管内","東新橋二丁目",216,158,129,287
20120401,"芝地区総合支所管内","新橋一丁目",24,14,15,29
20120401,"芝地区総合支所管内","新橋二丁目",91,66,69,135
20120401,"芝地区総合支所管内","新橋三丁目",148,141,120,261
20120401,"芝地区総合支所管内","新橋四丁目",267,217,187,404
20120401,"芝地区総合支所管内","新橋五丁目",304,255,228,483
20120401,"芝地区総合支所管内","新橋六丁目",524,389,307,696
20120401,"芝地区総合支所管内","西新橋一丁目",155,129,126,255
20120401,"芝地区総合支所管内","西新橋二丁目",212,175,151,326
20120401,"芝地区総合支所管内","西新橋三丁目",363,202,281,483
20120401,"芝地区総合支所管内","三田一丁目",2144,1749,2060,3809
20120401,"芝地区総合支所管内","三田二丁目",1827,1555,1843,3398
20120401,"芝地区総合支所管内","三田三丁目",874,657,741,1398
20120401,"芝地区総合支所管内","浜松町一丁目",763,650,619,1269
20120401,"芝地区総合支所管内","浜松町二丁目",198,157,146,303
20120401,"芝地区総合支所管内","芝大門一丁目",415,314,336,650
20120401,"芝地区総合支所管内","芝大門二丁目",492,353,402,755
20120401,"芝地区総合支所管内","芝公園一丁目",140,99,109,208
20120401,"芝地区総合支所管内","芝公園二丁目",403,271,288,559
20120401,"芝地区総合支所管内","芝公園三丁目",147,127,136,263
20120401,"芝地区総合支所管内","芝公園四丁目",54,35,29,64
20120401,"芝地区総合支所管内","虎ノ門一丁目",164,130,163,293
20120401,"芝地区総合支所管内","虎ノ門二丁目",37,37,30,67
20120401,"芝地区総合支所管内","虎ノ門三丁目",740,575,657,1232
20120401,"芝地区総合支所管内","虎ノ門四丁目",387,237,344,581
20120401,"芝地区総合支所管内","虎ノ門五丁目",211,186,208,394
20120401,"芝地区総合支所管内","愛宕一丁目",34,34,34,68
20120401,"芝地区総合支所管内","愛宕二丁目",158,133,137,270
20120501,"芝地区総合支所管内","芝一丁目",800,648,621,1269
20120501,"芝地区総合支所管内","芝二丁目",1677,1317,1404,2721
20120501,"芝地区総合支所管内","芝三丁目",1886,1418,1567,2985
20120501,"芝地区総合支所管内","芝四丁目",1203,920,1029,1949
20120501,"芝地区総合支所管内","芝五丁目",2048,1367,1687,3054
20120501,"芝地区総合支所管内","海岸一丁目",1213,1002,918,1920
20120501,"芝地区総合支所管内","東新橋一丁目",717,624,705,1329
20120501,"芝地区総合支所管内","東新橋二丁目",220,163,130,293
20120501,"芝地区総合支所管内","新橋一丁目",24,14,15,29
20120501,"芝地区総合支所管内","新橋二丁目",95,71,68,139
20120501,"芝地区総合支所管内","新橋三丁目",147,140,119,259
20120501,"芝地区総合支所管内","新橋四丁目",267,216,188,404
20120501,"芝地区総合支所管内","新橋五丁目",301,251,228,479
20120501,"芝地区総合支所管内","新橋六丁目",522,390,308,698
20120501,"芝地区総合支所管内","西新橋一丁目",158,131,127,258
20120501,"芝地区総合支所管内","西新橋二丁目",213,176,151,327
20120501,"芝地区総合支所管内","西新橋三丁目",376,212,285,497
20120501,"芝地区総合支所管内","三田一丁目",2154,1762,2063,3825
20120501,"芝地区総合支所管内","三田二丁目",1823,1543,1838,3381
20120501,"芝地区総合支所管内","三田三丁目",903,669,750,1419
20120501,"芝地区総合支所管内","浜松町一丁目",767,656,621,1277
20120501,"芝地区総合支所管内","浜松町二丁目",203,161,146,307
20120501,"芝地区総合支所管内","芝大門一丁目",410,311,336,647
20120501,"芝地区総合支所管内","芝大門二丁目",493,356,399,755
20120501,"芝地区総合支所管内","芝公園一丁目",142,102,110,212
20120501,"芝地区総合支所管内","芝公園二丁目",403,270,287,557
20120501,"芝地区総合支所管内","芝公園三丁目",149,129,137,266
20120501,"芝地区総合支所管内","芝公園四丁目",55,36,31,67
20120501,"芝地区総合支所管内","虎ノ門一丁目",166,134,164,298
20120501,"芝地区総合支所管内","虎ノ門二丁目",37,37,30,67
20120501,"芝地区総合支所管内","虎ノ門三丁目",784,598,685,1283
20120501,"芝地区総合支所管内","虎ノ門四丁目",381,226,339,565
20120501,"芝地区総合支所管内","虎ノ門五丁目",207,184,205,389
20120501,"芝地区総合支所管内","愛宕一丁目",33,34,32,66
20120501,"芝地区総合支所管内","愛宕二丁目",157,132,139,271
20120601,"芝地区総合支所管内","芝一丁目",801,647,622,1269
20120601,"芝地区総合支所管内","芝二丁目",1676,1320,1402,2722
20120601,"芝地区総合支所管内","芝三丁目",1886,1419,1565,2984
20120601,"芝地区総合支所管内","芝四丁目",1207,925,1038,1963
20120601,"芝地区総合支所管内","芝五丁目",2056,1373,1691,3064
20120601,"芝地区総合支所管内","海岸一丁目",1218,1010,922,1932
20120601,"芝地区総合支所管内","東新橋一丁目",717,626,699,1325
20120601,"芝地区総合支所管内","東新橋二丁目",219,165,130,295
20120601,"芝地区総合支所管内","新橋一丁目",24,14,15,29
20120601,"芝地区総合支所管内","新橋二丁目",95,71,67,138
20120601,"芝地区総合支所管内","新橋三丁目",144,138,118,256
20120601,"芝地区総合支所管内","新橋四丁目",272,219,189,408
20120601,"芝地区総合支所管内","新橋五丁目",300,249,229,478
20120601,"芝地区総合支所管内","新橋六丁目",521,389,308,697
20120601,"芝地区総合支所管内","西新橋一丁目",157,130,127,257
20120601,"芝地区総合支所管内","西新橋二丁目",211,172,151,323
20120601,"芝地区総合支所管内","西新橋三丁目",383,215,292,507
20120601,"芝地区総合支所管内","三田一丁目",2160,1764,2066,3830
20120601,"芝地区総合支所管内","三田二丁目",1815,1539,1838,3377
20120601,"芝地区総合支所管内","三田三丁目",906,675,749,1424
20120601,"芝地区総合支所管内","浜松町一丁目",772,662,617,1279
20120601,"芝地区総合支所管内","浜松町二丁目",202,160,146,306
20120601,"芝地区総合支所管内","芝大門一丁目",415,309,342,651
20120601,"芝地区総合支所管内","芝大門二丁目",493,356,398,754
20120601,"芝地区総合支所管内","芝公園一丁目",141,102,108,210
20120601,"芝地区総合支所管内","芝公園二丁目",404,268,288,556
20120601,"芝地区総合支所管内","芝公園三丁目",145,127,132,259
20120601,"芝地区総合支所管内","芝公園四丁目",55,36,31,67
20120601,"芝地区総合支所管内","虎ノ門一丁目",164,134,162,296
20120601,"芝地区総合支所管内","虎ノ門二丁目",36,36,30,66
20120601,"芝地区総合支所管内","虎ノ門三丁目",792,603,691,1294
20120601,"芝地区総合支所管内","虎ノ門四丁目",382,227,342,569
20120601,"芝地区総合支所管内","虎ノ門五丁目",208,184,208,392
20120601,"芝地区総合支所管内","愛宕一丁目",33,34,32,66
20120601,"芝地区総合支所管内","愛宕二丁目",160,133,139,272
20120701,"芝地区総合支所管内","芝一丁目",800,644,623,1267
20120701,"芝地区総合支所管内","芝二丁目",1677,1322,1393,2715
20120701,"芝地区総合支所管内","芝三丁目",1881,1414,1556,2970
20120701,"芝地区総合支所管内","芝四丁目",1208,930,1035,1965
20120701,"芝地区総合支所管内","芝五丁目",2049,1372,1686,3058
20120701,"芝地区総合支所管内","海岸一丁目",1224,1014,924,1938
20120701,"芝地区総合支所管内","東新橋一丁目",719,628,702,1330
20120701,"芝地区総合支所管内","東新橋二丁目",222,168,131,299
20120701,"芝地区総合支所管内","新橋一丁目",24,14,15,29
20120701,"芝地区総合支所管内","新橋二丁目",96,71,68,139
20120701,"芝地区総合支所管内","新橋三丁目",144,138,118,256
20120701,"芝地区総合支所管内","新橋四丁目",270,218,188,406
20120701,"芝地区総合支所管内","新橋五丁目",304,253,234,487
20120701,"芝地区総合支所管内","新橋六丁目",525,397,309,706
20120701,"芝地区総合支所管内","西新橋一丁目",157,131,126,257
20120701,"芝地区総合支所管内","西新橋二丁目",211,171,153,324
20120701,"芝地区総合支所管内","西新橋三丁目",380,215,290,505
20120701,"芝地区総合支所管内","三田一丁目",2162,1768,2079,3847
20120701,"芝地区総合支所管内","三田二丁目",1821,1541,1841,3382
20120701,"芝地区総合支所管内","三田三丁目",896,669,742,1411
20120701,"芝地区総合支所管内","浜松町一丁目",769,658,620,1278
20120701,"芝地区総合支所管内","浜松町二丁目",202,160,146,306
20120701,"芝地区総合支所管内","芝大門一丁目",410,305,342,647
20120701,"芝地区総合支所管内","芝大門二丁目",494,358,401,759
20120701,"芝地区総合支所管内","芝公園一丁目",138,100,107,207
20120701,"芝地区総合支所管内","芝公園二丁目",403,267,286,553
20120701,"芝地区総合支所管内","芝公園三丁目",148,133,133,266
20120701,"芝地区総合支所管内","芝公園四丁目",54,36,30,66
20120701,"芝地区総合支所管内","虎ノ門一丁目",164,134,159,293
20120701,"芝地区総合支所管内","虎ノ門二丁目",36,36,30,66
20120701,"芝地区総合支所管内","虎ノ門三丁目",799,609,691,1300
20120701,"芝地区総合支所管内","虎ノ門四丁目",380,224,337,561
20120701,"芝地区総合支所管内","虎ノ門五丁目",207,182,207,389
20120701,"芝地区総合支所管内","愛宕一丁目",35,36,33,69
20120701,"芝地区総合支所管内","愛宕二丁目",164,135,142,277
20120801,"芝地区総合支所管内","芝一丁目",795,733,658,1391
20120801,"芝地区総合支所管内","芝二丁目",1647,1424,1470,2894
20120801,"芝地区総合支所管内","芝三丁目",1848,1525,1636,3161
20120801,"芝地区総合支所管内","芝四丁目",1199,971,1086,2057
20120801,"芝地区総合支所管内","芝五丁目",2022,1465,1803,3268
20120801,"芝地区総合支所管内","海岸一丁目",1197,1110,1006,2116
20120801,"芝地区総合支所管内","東新橋一丁目",714,663,725,1388
20120801,"芝地区総合支所管内","東新橋二丁目",212,187,140,327
20120801,"芝地区総合支所管内","新橋一丁目",24,14,15,29
20120801,"芝地区総合支所管内","新橋二丁目",95,86,76,162
20120801,"芝地区総合支所管内","新橋三丁目",139,154,124,278
20120801,"芝地区総合支所管内","新橋四丁目",268,227,200,427
20120801,"芝地区総合支所管内","新橋五丁目",297,275,250,525
20120801,"芝地区総合支所管内","新橋六丁目",525,425,321,746
20120801,"芝地区総合支所管内","西新橋一丁目",154,136,128,264
20120801,"芝地区総合支所管内","西新橋二丁目",210,187,171,358
20120801,"芝地区総合支所管内","西新橋三丁目",376,241,315,556
20120801,"芝地区総合支所管内","三田一丁目",2101,1937,2200,4137
20120801,"芝地区総合支所管内","三田二丁目",1779,1658,1955,3613
20120801,"芝地区総合支所管内","三田三丁目",883,734,800,1534
20120801,"芝地区総合支所管内","浜松町一丁目",764,740,686,1426
20120801,"芝地区総合支所管内","浜松町二丁目",201,171,159,330
20120801,"芝地区総合支所管内","芝大門一丁目",407,338,367,705
20120801,"芝地区総合支所管内","芝大門二丁目",487,394,428,822
20120801,"芝地区総合支所管内","芝公園一丁目",137,108,111,219
20120801,"芝地区総合支所管内","芝公園二丁目",394,302,304,606
20120801,"芝地区総合支所管内","芝公園三丁目",151,149,154,303
20120801,"芝地区総合支所管内","芝公園四丁目",53,37,31,68
20120801,"芝地区総合支所管内","虎ノ門一丁目",161,136,161,297
20120801,"芝地区総合支所管内","虎ノ門二丁目",36,38,30,68
20120801,"芝地区総合支所管内","虎ノ門三丁目",787,684,744,1428
20120801,"芝地区総合支所管内","虎ノ門四丁目",371,253,369,622
20120801,"芝地区総合支所管内","虎ノ門五丁目",202,212,226,438
20120801,"芝地区総合支所管内","愛宕一丁目",35,40,34,74
20120801,"芝地区総合支所管内","愛宕二丁目",149,295,238,533
20120901,"芝地区総合支所管内","芝一丁目",797,733,663,1396
20120901,"芝地区総合支所管内","芝二丁目",1634,1412,1452,2864
20120901,"芝地区総合支所管内","芝三丁目",1839,1523,1633,3156
20120901,"芝地区総合支所管内","芝四丁目",1207,979,1091,2070
20120901,"芝地区総合支所管内","芝五丁目",2026,1468,1802,3270
20120901,"芝地区総合支所管内","海岸一丁目",1191,1103,1003,2106
20120901,"芝地区総合支所管内","東新橋一丁目",722,666,733,1399
20120901,"芝地区総合支所管内","東新橋二丁目",215,189,141,330
20120901,"芝地区総合支所管内","新橋一丁目",24,14,15,29
20120901,"芝地区総合支所管内","新橋二丁目",95,86,76,162
20120901,"芝地区総合支所管内","新橋三丁目",140,153,126,279
20120901,"芝地区総合支所管内","新橋四丁目",269,231,202,433
20120901,"芝地区総合支所管内","新橋五丁目",309,291,250,541
20120901,"芝地区総合支所管内","新橋六丁目",523,423,323,746
20120901,"芝地区総合支所管内","西新橋一丁目",153,136,132,268
20120901,"芝地区総合支所管内","西新橋二丁目",207,187,171,358
20120901,"芝地区総合支所管内","西新橋三丁目",389,253,320,573
20120901,"芝地区総合支所管内","三田一丁目",2102,1948,2219,4167
20120901,"芝地区総合支所管内","三田二丁目",1771,1653,1942,3595
20120901,"芝地区総合支所管内","三田三丁目",881,742,802,1544
20120901,"芝地区総合支所管内","浜松町一丁目",768,738,687,1425
20120901,"芝地区総合支所管内","浜松町二丁目",202,171,160,331
20120901,"芝地区総合支所管内","芝大門一丁目",411,342,372,714
20120901,"芝地区総合支所管内","芝大門二丁目",484,395,425,820
20120901,"芝地区総合支所管内","芝公園一丁目",139,106,113,219
20120901,"芝地区総合支所管内","芝公園二丁目",389,295,302,597
20120901,"芝地区総合支所管内","芝公園三丁目",156,152,163,315
20120901,"芝地区総合支所管内","芝公園四丁目",54,38,30,68
20120901,"芝地区総合支所管内","虎ノ門一丁目",162,138,161,299
20120901,"芝地区総合支所管内","虎ノ門二丁目",34,37,29,66
20120901,"芝地区総合支所管内","虎ノ門三丁目",777,681,738,1419
20120901,"芝地区総合支所管内","虎ノ門四丁目",369,252,370,622
20120901,"芝地区総合支所管内","虎ノ門五丁目",218,230,248,478
20120901,"芝地区総合支所管内","愛宕一丁目",35,40,34,74
20120901,"芝地区総合支所管内","愛宕二丁目",140,284,230,514
20121001,"芝地区総合支所管内","芝一丁目",797,735,668,1403
20121001,"芝地区総合支所管内","芝二丁目",1635,1414,1466,2880
20121001,"芝地区総合支所管内","芝三丁目",1838,1527,1637,3164
20121001,"芝地区総合支所管内","芝四丁目",1218,983,1094,2077
20121001,"芝地区総合支所管内","芝五丁目",2014,1463,1802,3265
20121001,"芝地区総合支所管内","海岸一丁目",1190,1107,1008,2115
20121001,"芝地区総合支所管内","東新橋一丁目",721,664,730,1394
20121001,"芝地区総合支所管内","東新橋二丁目",215,189,141,330
20121001,"芝地区総合支所管内","新橋一丁目",24,14,15,29
20121001,"芝地区総合支所管内","新橋二丁目",93,85,74,159
20121001,"芝地区総合支所管内","新橋三丁目",140,154,125,279
20121001,"芝地区総合支所管内","新橋四丁目",266,231,199,430
20121001,"芝地区総合支所管内","新橋五丁目",309,290,251,541
20121001,"芝地区総合支所管内","新橋六丁目",546,441,331,772
20121001,"芝地区総合支所管内","西新橋一丁目",151,135,133,268
20121001,"芝地区総合支所管内","西新橋二丁目",207,187,171,358
20121001,"芝地区総合支所管内","西新橋三丁目",396,258,324,582
20121001,"芝地区総合支所管内","三田一丁目",2115,1959,2229,4188
20121001,"芝地区総合支所管内","三田二丁目",1766,1652,1936,3588
20121001,"芝地区総合支所管内","三田三丁目",874,742,798,1540
20121001,"芝地区総合支所管内","浜松町一丁目",767,742,693,1435
20121001,"芝地区総合支所管内","浜松町二丁目",200,170,154,324
20121001,"芝地区総合支所管内","芝大門一丁目",415,338,378,716
20121001,"芝地区総合支所管内","芝大門二丁目",482,394,421,815
20121001,"芝地区総合支所管内","芝公園一丁目",141,108,114,222
20121001,"芝地区総合支所管内","芝公園二丁目",393,298,302,600
20121001,"芝地区総合支所管内","芝公園三丁目",158,152,160,312
20121001,"芝地区総合支所管内","芝公園四丁目",55,38,30,68
20121001,"芝地区総合支所管内","虎ノ門一丁目",158,134,156,290
20121001,"芝地区総合支所管内","虎ノ門二丁目",33,36,29,65
20121001,"芝地区総合支所管内","虎ノ門三丁目",777,681,739,1420
20121001,"芝地区総合支所管内","虎ノ門四丁目",370,251,373,624
20121001,"芝地区総合支所管内","虎ノ門五丁目",219,229,254,483
20121001,"芝地区総合支所管内","愛宕一丁目",35,40,34,74
20121001,"芝地区総合支所管内","愛宕二丁目",139,285,231,516
20121101,"芝地区総合支所管内","芝一丁目",792,729,671,1400
20121101,"芝地区総合支所管内","芝二丁目",1639,1422,1471,2893
20121101,"芝地区総合支所管内","芝三丁目",1846,1535,1647,3182
20121101,"芝地区総合支所管内","芝四丁目",1215,983,1094,2077
20121101,"芝地区総合支所管内","芝五丁目",2000,1451,1796,3247
20121101,"芝地区総合支所管内","海岸一丁目",1183,1103,997,2100
20121101,"芝地区総合支所管内","東新橋一丁目",722,665,734,1399
20121101,"芝地区総合支所管内","東新橋二丁目",216,191,141,332
20121101,"芝地区総合支所管内","新橋一丁目",23,13,15,28
20121101,"芝地区総合支所管内","新橋二丁目",93,84,74,158
20121101,"芝地区総合支所管内","新橋三丁目",139,154,124,278
20121101,"芝地区総合支所管内","新橋四丁目",266,231,200,431
20121101,"芝地区総合支所管内","新橋五丁目",316,292,258,550
20121101,"芝地区総合支所管内","新橋六丁目",579,471,348,819
20121101,"芝地区総合支所管内","西新橋一丁目",151,135,131,266
20121101,"芝地区総合支所管内","西新橋二丁目",209,187,174,361
20121101,"芝地区総合支所管内","西新橋三丁目",397,267,322,589
20121101,"芝地区総合支所管内","三田一丁目",2118,1948,2231,4179
20121101,"芝地区総合支所管内","三田二丁目",1764,1642,1929,3571
20121101,"芝地区総合支所管内","三田三丁目",879,747,800,1547
20121101,"芝地区総合支所管内","浜松町一丁目",757,736,689,1425
20121101,"芝地区総合支所管内","浜松町二丁目",199,171,152,323
20121101,"芝地区総合支所管内","芝大門一丁目",416,341,379,720
20121101,"芝地区総合支所管内","芝大門二丁目",473,388,419,807
20121101,"芝地区総合支所管内","芝公園一丁目",139,109,110,219
20121101,"芝地区総合支所管内","芝公園二丁目",389,291,301,592
20121101,"芝地区総合支所管内","芝公園三丁目",156,152,158,310
20121101,"芝地区総合支所管内","芝公園四丁目",55,38,30,68
20121101,"芝地区総合支所管内","虎ノ門一丁目",160,137,158,295
20121101,"芝地区総合支所管内","虎ノ門二丁目",33,36,29,65
20121101,"芝地区総合支所管内","虎ノ門三丁目",785,690,747,1437
20121101,"芝地区総合支所管内","虎ノ門四丁目",367,255,371,626
20121101,"芝地区総合支所管内","虎ノ門五丁目",220,226,248,474
20121101,"芝地区総合支所管内","愛宕一丁目",34,39,33,72
20121101,"芝地区総合支所管内","愛宕二丁目",136,277,224,501
20121201,"芝地区総合支所管内","芝一丁目",793,730,678,1408
20121201,"芝地区総合支所管内","芝二丁目",1630,1416,1474,2890
20121201,"芝地区総合支所管内","芝三丁目",1853,1534,1648,3182
20121201,"芝地区総合支所管内","芝四丁目",1215,988,1096,2084
20121201,"芝地区総合支所管内","芝五丁目",2005,1447,1803,3250
20121201,"芝地区総合支所管内","海岸一丁目",1181,1107,993,2100
20121201,"芝地区総合支所管内","東新橋一丁目",724,664,739,1403
20121201,"芝地区総合支所管内","東新橋二丁目",218,196,143,339
20121201,"芝地区総合支所管内","新橋一丁目",23,13,15,28
20121201,"芝地区総合支所管内","新橋二丁目",92,83,73,156
20121201,"芝地区総合支所管内","新橋三丁目",140,154,125,279
20121201,"芝地区総合支所管内","新橋四丁目",268,232,203,435
20121201,"芝地区総合支所管内","新橋五丁目",313,290,254,544
20121201,"芝地区総合支所管内","新橋六丁目",585,475,352,827
20121201,"芝地区総合支所管内","西新橋一丁目",151,132,131,263
20121201,"芝地区総合支所管内","西新橋二丁目",211,189,176,365
20121201,"芝地区総合支所管内","西新橋三丁目",396,267,315,582
20121201,"芝地区総合支所管内","三田一丁目",2126,1954,2235,4189
20121201,"芝地区総合支所管内","三田二丁目",1763,1633,1927,3560
20121201,"芝地区総合支所管内","三田三丁目",884,751,808,1559
20121201,"芝地区総合支所管内","浜松町一丁目",757,732,692,1424
20121201,"芝地区総合支所管内","浜松町二丁目",197,167,150,317
20121201,"芝地区総合支所管内","芝大門一丁目",410,339,376,715
20121201,"芝地区総合支所管内","芝大門二丁目",478,390,423,813
20121201,"芝地区総合支所管内","芝公園一丁目",139,112,110,222
20121201,"芝地区総合支所管内","芝公園二丁目",394,296,302,598
20121201,"芝地区総合支所管内","芝公園三丁目",156,154,160,314
20121201,"芝地区総合支所管内","芝公園四丁目",54,38,29,67
20121201,"芝地区総合支所管内","虎ノ門一丁目",160,138,157,295
20121201,"芝地区総合支所管内","虎ノ門二丁目",33,36,29,65
20121201,"芝地区総合支所管内","虎ノ門三丁目",786,689,746,1435
20121201,"芝地区総合支所管内","虎ノ門四丁目",363,255,365,620
20121201,"芝地区総合支所管内","虎ノ門五丁目",219,223,249,472
20121201,"芝地区総合支所管内","愛宕一丁目",33,38,32,70
20121201,"芝地区総合支所管内","愛宕二丁目",138,278,230,508
20120101,"芝浦港南地区総合支所管内","芝浦一丁目",749,546,480,1026
20120101,"芝浦港南地区総合支所管内","芝浦二丁目",1572,1277,1341,2618
20120101,"芝浦港南地区総合支所管内","芝浦三丁目",965,777,887,1664
20120101,"芝浦港南地区総合支所管内","芝浦四丁目",6762,6565,6601,13166
20120101,"芝浦港南地区総合支所管内","海岸二丁目",377,334,326,660
20120101,"芝浦港南地区総合支所管内","海岸三丁目",2096,1765,1202,2967
20120101,"芝浦港南地区総合支所管内","港南一丁目",198,168,190,358
20120101,"芝浦港南地区総合支所管内","港南二丁目",1114,962,1070,2032
20120101,"芝浦港南地区総合支所管内","港南三丁目",3035,2990,3230,6220
20120101,"芝浦港南地区総合支所管内","港南四丁目",4705,4582,5001,9583
20120101,"芝浦港南地区総合支所管内","港南五丁目",304,285,193,478
20120101,"芝浦港南地区総合支所管内","台場一丁目",1770,1951,2091,4042
20120101,"芝浦港南地区総合支所管内","台場二丁目",442,465,438,903
20120201,"芝浦港南地区総合支所管内","芝浦一丁目",748,545,477,1022
20120201,"芝浦港南地区総合支所管内","芝浦二丁目",1576,1283,1347,2630
20120201,"芝浦港南地区総合支所管内","芝浦三丁目",951,771,874,1645
20120201,"芝浦港南地区総合支所管内","芝浦四丁目",6791,6598,6633,13231
20120201,"芝浦港南地区総合支所管内","海岸二丁目",376,333,326,659
20120201,"芝浦港南地区総合支所管内","海岸三丁目",2108,1781,1206,2987
20120201,"芝浦港南地区総合支所管内","港南一丁目",200,169,187,356
20120201,"芝浦港南地区総合支所管内","港南二丁目",1114,961,1068,2029
20120201,"芝浦港南地区総合支所管内","港南三丁目",3032,2986,3240,6226
20120201,"芝浦港南地区総合支所管内","港南四丁目",4721,4587,5022,9609
20120201,"芝浦港南地区総合支所管内","港南五丁目",307,288,198,486
20120201,"芝浦港南地区総合支所管内","台場一丁目",1766,1936,2092,4028
20120201,"芝浦港南地区総合支所管内","台場二丁目",441,464,437,901
20120301,"芝浦港南地区総合支所管内","芝浦一丁目",748,545,474,1019
20120301,"芝浦港南地区総合支所管内","芝浦二丁目",1594,1287,1371,2658
20120301,"芝浦港南地区総合支所管内","芝浦三丁目",932,756,849,1605
20120301,"芝浦港南地区総合支所管内","芝浦四丁目",6821,6630,6670,13300
20120301,"芝浦港南地区総合支所管内","海岸二丁目",373,335,325,660
20120301,"芝浦港南地区総合支所管内","海岸三丁目",2091,1784,1198,2982
20120301,"芝浦港南地区総合支所管内","港南一丁目",203,168,189,357
20120301,"芝浦港南地区総合支所管内","港南二丁目",1118,962,1066,2028
20120301,"芝浦港南地区総合支所管内","港南三丁目",3043,3003,3261,6264
20120301,"芝浦港南地区総合支所管内","港南四丁目",4724,4591,5033,9624
20120301,"芝浦港南地区総合支所管内","港南五丁目",305,287,198,485
20120301,"芝浦港南地区総合支所管内","台場一丁目",1772,1944,2090,4034
20120301,"芝浦港南地区総合支所管内","台場二丁目",442,469,442,911
20120401,"芝浦港南地区総合支所管内","芝浦一丁目",751,548,467,1015
20120401,"芝浦港南地区総合支所管内","芝浦二丁目",1599,1279,1383,2662
20120401,"芝浦港南地区総合支所管内","芝浦三丁目",935,759,842,1601
20120401,"芝浦港南地区総合支所管内","芝浦四丁目",6842,6633,6669,13302
20120401,"芝浦港南地区総合支所管内","海岸二丁目",369,334,324,658
20120401,"芝浦港南地区総合支所管内","海岸三丁目",2153,1826,1218,3044
20120401,"芝浦港南地区総合支所管内","港南一丁目",205,171,189,360
20120401,"芝浦港南地区総合支所管内","港南二丁目",1132,971,1073,2044
20120401,"芝浦港南地区総合支所管内","港南三丁目",3032,2997,3252,6249
20120401,"芝浦港南地区総合支所管内","港南四丁目",4711,4576,5027,9603
20120401,"芝浦港南地区総合支所管内","港南五丁目",304,287,193,480
20120401,"芝浦港南地区総合支所管内","台場一丁目",1775,1934,2091,4025
20120401,"芝浦港南地区総合支所管内","台場二丁目",439,467,439,906
20120501,"芝浦港南地区総合支所管内","芝浦一丁目",757,553,471,1024
20120501,"芝浦港南地区総合支所管内","芝浦二丁目",1617,1291,1397,2688
20120501,"芝浦港南地区総合支所管内","芝浦三丁目",937,774,831,1605
20120501,"芝浦港南地区総合支所管内","芝浦四丁目",6871,6654,6707,13361
20120501,"芝浦港南地区総合支所管内","海岸二丁目",369,333,320,653
20120501,"芝浦港南地区総合支所管内","海岸三丁目",2200,1858,1236,3094
20120501,"芝浦港南地区総合支所管内","港南一丁目",205,169,186,355
20120501,"芝浦港南地区総合支所管内","港南二丁目",1143,977,1082,2059
20120501,"芝浦港南地区総合支所管内","港南三丁目",3026,2976,3248,6224
20120501,"芝浦港南地区総合支所管内","港南四丁目",4694,4568,5024,9592
20120501,"芝浦港南地区総合支所管内","港南五丁目",307,294,190,484
20120501,"芝浦港南地区総合支所管内","台場一丁目",1783,1938,2092,4030
20120501,"芝浦港南地区総合支所管内","台場二丁目",437,464,440,904
20120601,"芝浦港南地区総合支所管内","芝浦一丁目",747,542,469,1011
20120601,"芝浦港南地区総合支所管内","芝浦二丁目",1623,1294,1410,2704
20120601,"芝浦港南地区総合支所管内","芝浦三丁目",923,771,813,1584
20120601,"芝浦港南地区総合支所管内","芝浦四丁目",6861,6653,6708,13361
20120601,"芝浦港南地区総合支所管内","海岸二丁目",373,339,323,662
20120601,"芝浦港南地区総合支所管内","海岸三丁目",2211,1868,1239,3107
20120601,"芝浦港南地区総合支所管内","港南一丁目",212,173,189,362
20120601,"芝浦港南地区総合支所管内","港南二丁目",1147,977,1088,2065
20120601,"芝浦港南地区総合支所管内","港南三丁目",3027,2987,3248,6235
20120601,"芝浦港南地区総合支所管内","港南四丁目",4707,4567,5041,9608
20120601,"芝浦港南地区総合支所管内","港南五丁目",307,294,191,485
20120601,"芝浦港南地区総合支所管内","台場一丁目",1785,1938,2102,4040
20120601,"芝浦港南地区総合支所管内","台場二丁目",441,463,448,911
20120701,"芝浦港南地区総合支所管内","芝浦一丁目",747,542,467,1009
20120701,"芝浦港南地区総合支所管内","芝浦二丁目",1635,1305,1417,2722
20120701,"芝浦港南地区総合支所管内","芝浦三丁目",909,756,800,1556
20120701,"芝浦港南地区総合支所管内","芝浦四丁目",6874,6677,6724,13401
20120701,"芝浦港南地区総合支所管内","海岸二丁目",370,336,321,657
20120701,"芝浦港南地区総合支所管内","海岸三丁目",2201,1864,1242,3106
20120701,"芝浦港南地区総合支所管内","港南一丁目",213,170,188,358
20120701,"芝浦港南地区総合支所管内","港南二丁目",1140,970,1086,2056
20120701,"芝浦港南地区総合支所管内","港南三丁目",3049,3009,3268,6277
20120701,"芝浦港南地区総合支所管内","港南四丁目",4724,4588,5054,9642
20120701,"芝浦港南地区総合支所管内","港南五丁目",309,295,193,488
20120701,"芝浦港南地区総合支所管内","台場一丁目",1795,1948,2109,4057
20120701,"芝浦港南地区総合支所管内","台場二丁目",442,464,450,914
20120801,"芝浦港南地区総合支所管内","芝浦一丁目",740,567,500,1067
20120801,"芝浦港南地区総合支所管内","芝浦二丁目",1608,1409,1513,2922
20120801,"芝浦港南地区総合支所管内","芝浦三丁目",888,828,860,1688
20120801,"芝浦港南地区総合支所管内","芝浦四丁目",6775,7231,7201,14432
20120801,"芝浦港南地区総合支所管内","海岸二丁目",368,352,331,683
20120801,"芝浦港南地区総合支所管内","海岸三丁目",2151,1960,1331,3291
20120801,"芝浦港南地区総合支所管内","港南一丁目",207,200,206,406
20120801,"芝浦港南地区総合支所管内","港南二丁目",1117,997,1128,2125
20120801,"芝浦港南地区総合支所管内","港南三丁目",2977,3174,3434,6608
20120801,"芝浦港南地区総合支所管内","港南四丁目",4632,4965,5328,10293
20120801,"芝浦港南地区総合支所管内","港南五丁目",299,306,208,514
20120801,"芝浦港南地区総合支所管内","台場一丁目",1735,2130,2274,4404
20120801,"芝浦港南地区総合支所管内","台場二丁目",434,480,469,949
20120901,"芝浦港南地区総合支所管内","芝浦一丁目",738,567,499,1066
20120901,"芝浦港南地区総合支所管内","芝浦二丁目",1611,1419,1511,2930
20120901,"芝浦港南地区総合支所管内","芝浦三丁目",891,832,868,1700
20120901,"芝浦港南地区総合支所管内","芝浦四丁目",6801,7259,7228,14487
20120901,"芝浦港南地区総合支所管内","海岸二丁目",369,352,333,685
20120901,"芝浦港南地区総合支所管内","海岸三丁目",2152,1962,1331,3293
20120901,"芝浦港南地区総合支所管内","港南一丁目",209,197,204,401
20120901,"芝浦港南地区総合支所管内","港南二丁目",1119,1005,1129,2134
20120901,"芝浦港南地区総合支所管内","港南三丁目",2968,3164,3420,6584
20120901,"芝浦港南地区総合支所管内","港南四丁目",4644,4987,5357,10344
20120901,"芝浦港南地区総合支所管内","港南五丁目",302,308,209,517
20120901,"芝浦港南地区総合支所管内","台場一丁目",1746,2133,2275,4408
20120901,"芝浦港南地区総合支所管内","台場二丁目",437,486,475,961
20121001,"芝浦港南地区総合支所管内","芝浦一丁目",743,572,503,1075
20121001,"芝浦港南地区総合支所管内","芝浦二丁目",1611,1424,1518,2942
20121001,"芝浦港南地区総合支所管内","芝浦三丁目",890,831,868,1699
20121001,"芝浦港南地区総合支所管内","芝浦四丁目",6816,7290,7234,14524
20121001,"芝浦港南地区総合支所管内","海岸二丁目",371,355,332,687
20121001,"芝浦港南地区総合支所管内","海岸三丁目",2160,1963,1323,3286
20121001,"芝浦港南地区総合支所管内","港南一丁目",206,198,207,405
20121001,"芝浦港南地区総合支所管内","港南二丁目",1113,999,1126,2125
20121001,"芝浦港南地区総合支所管内","港南三丁目",2966,3155,3411,6566
20121001,"芝浦港南地区総合支所管内","港南四丁目",4640,5005,5365,10370
20121001,"芝浦港南地区総合支所管内","港南五丁目",301,307,210,517
20121001,"芝浦港南地区総合支所管内","台場一丁目",1755,2135,2282,4417
20121001,"芝浦港南地区総合支所管内","台場二丁目",436,487,475,962
20121101,"芝浦港南地区総合支所管内","芝浦一丁目",748,567,508,1075
20121101,"芝浦港南地区総合支所管内","芝浦二丁目",1611,1426,1518,2944
20121101,"芝浦港南地区総合支所管内","芝浦三丁目",885,821,862,1683
20121101,"芝浦港南地区総合支所管内","芝浦四丁目",6822,7300,7243,14543
20121101,"芝浦港南地区総合支所管内","海岸二丁目",374,357,331,688
20121101,"芝浦港南地区総合支所管内","海岸三丁目",2164,1960,1321,3281
20121101,"芝浦港南地区総合支所管内","港南一丁目",190,182,187,369
20121101,"芝浦港南地区総合支所管内","港南二丁目",1106,989,1124,2113
20121101,"芝浦港南地区総合支所管内","港南三丁目",2965,3168,3417,6585
20121101,"芝浦港南地区総合支所管内","港南四丁目",4649,5034,5400,10434
20121101,"芝浦港南地区総合支所管内","港南五丁目",300,308,211,519
20121101,"芝浦港南地区総合支所管内","台場一丁目",1762,2132,2289,4421
20121101,"芝浦港南地区総合支所管内","台場二丁目",436,493,480,973
20121201,"芝浦港南地区総合支所管内","芝浦一丁目",746,563,511,1074
20121201,"芝浦港南地区総合支所管内","芝浦二丁目",1617,1424,1521,2945
20121201,"芝浦港南地区総合支所管内","芝浦三丁目",889,829,865,1694
20121201,"芝浦港南地区総合支所管内","芝浦四丁目",6833,7320,7258,14578
20121201,"芝浦港南地区総合支所管内","海岸二丁目",377,359,335,694
20121201,"芝浦港南地区総合支所管内","海岸三丁目",2151,1953,1319,3272
20121201,"芝浦港南地区総合支所管内","港南一丁目",182,172,183,355
20121201,"芝浦港南地区総合支所管内","港南二丁目",1103,982,1120,2102
20121201,"芝浦港南地区総合支所管内","港南三丁目",2955,3156,3406,6562
20121201,"芝浦港南地区総合支所管内","港南四丁目",4656,5048,5404,10452
20121201,"芝浦港南地区総合支所管内","港南五丁目",300,309,213,522
20121201,"芝浦港南地区総合支所管内","台場一丁目",1765,2135,2294,4429
20121201,"芝浦港南地区総合支所管内","台場二丁目",438,491,479,970
20120101,"赤坂地区総合支所管内","元赤坂一丁目",148,107,124,231
20120101,"赤坂地区総合支所管内","元赤坂二丁目",177,184,157,341
20120101,"赤坂地区総合支所管内","赤坂一丁目",162,145,161,306
20120101,"赤坂地区総合支所管内","赤坂二丁目",1411,1031,1070,2101
20120101,"赤坂地区総合支所管内","赤坂三丁目",165,144,124,268
20120101,"赤坂地区総合支所管内","赤坂四丁目",1036,866,916,1782
20120101,"赤坂地区総合支所管内","赤坂五丁目",286,213,327,540
20120101,"赤坂地区総合支所管内","赤坂六丁目",1564,1158,1248,2406
20120101,"赤坂地区総合支所管内","赤坂七丁目",1242,963,1112,2075
20120101,"赤坂地区総合支所管内","赤坂八丁目",1527,1233,1613,2846
20120101,"赤坂地区総合支所管内","赤坂九丁目",951,727,625,1352
20120101,"赤坂地区総合支所管内","南青山一丁目",1314,1073,1288,2361
20120101,"赤坂地区総合支所管内","南青山二丁目",1030,857,956,1813
20120101,"赤坂地区総合支所管内","南青山三丁目",754,620,732,1352
20120101,"赤坂地区総合支所管内","南青山四丁目",1379,1223,1503,2726
20120101,"赤坂地区総合支所管内","南青山五丁目",725,650,788,1438
20120101,"赤坂地区総合支所管内","南青山六丁目",834,652,788,1440
20120101,"赤坂地区総合支所管内","南青山七丁目",995,883,1111,1994
20120101,"赤坂地区総合支所管内","北青山一丁目",802,659,1003,1662
20120101,"赤坂地区総合支所管内","北青山二丁目",257,217,273,490
20120101,"赤坂地区総合支所管内","北青山三丁目",832,522,835,1357
20120201,"赤坂地区総合支所管内","元赤坂一丁目",150,108,124,232
20120201,"赤坂地区総合支所管内","元赤坂二丁目",177,184,157,341
20120201,"赤坂地区総合支所管内","赤坂一丁目",165,149,167,316
20120201,"赤坂地区総合支所管内","赤坂二丁目",1424,1039,1076,2115
20120201,"赤坂地区総合支所管内","赤坂三丁目",163,142,124,266
20120201,"赤坂地区総合支所管内","赤坂四丁目",1035,870,914,1784
20120201,"赤坂地区総合支所管内","赤坂五丁目",286,214,326,540
20120201,"赤坂地区総合支所管内","赤坂六丁目",1576,1168,1261,2429
20120201,"赤坂地区総合支所管内","赤坂七丁目",1241,964,1107,2071
20120201,"赤坂地区総合支所管内","赤坂八丁目",1528,1234,1613,2847
20120201,"赤坂地区総合支所管内","赤坂九丁目",960,731,636,1367
20120201,"赤坂地区総合支所管内","南青山一丁目",1308,1071,1282,2353
20120201,"赤坂地区総合支所管内","南青山二丁目",1030,859,957,1816
20120201,"赤坂地区総合支所管内","南青山三丁目",750,616,730,1346
20120201,"赤坂地区総合支所管内","南青山四丁目",1386,1226,1504,2730
20120201,"赤坂地区総合支所管内","南青山五丁目",729,660,790,1450
20120201,"赤坂地区総合支所管内","南青山六丁目",838,656,796,1452
20120201,"赤坂地区総合支所管内","南青山七丁目",998,881,1119,2000
20120201,"赤坂地区総合支所管内","北青山一丁目",800,653,999,1652
20120201,"赤坂地区総合支所管内","北青山二丁目",258,218,275,493
20120201,"赤坂地区総合支所管内","北青山三丁目",831,522,833,1355
20120301,"赤坂地区総合支所管内","元赤坂一丁目",152,110,124,234
20120301,"赤坂地区総合支所管内","元赤坂二丁目",172,178,153,331
20120301,"赤坂地区総合支所管内","赤坂一丁目",165,148,167,315
20120301,"赤坂地区総合支所管内","赤坂二丁目",1418,1039,1071,2110
20120301,"赤坂地区総合支所管内","赤坂三丁目",162,142,120,262
20120301,"赤坂地区総合支所管内","赤坂四丁目",1049,885,919,1804
20120301,"赤坂地区総合支所管内","赤坂五丁目",281,209,318,527
20120301,"赤坂地区総合支所管内","赤坂六丁目",1583,1176,1265,2441
20120301,"赤坂地区総合支所管内","赤坂七丁目",1243,965,1110,2075
20120301,"赤坂地区総合支所管内","赤坂八丁目",1527,1233,1607,2840
20120301,"赤坂地区総合支所管内","赤坂九丁目",978,738,648,1386
20120301,"赤坂地区総合支所管内","南青山一丁目",1305,1074,1274,2348
20120301,"赤坂地区総合支所管内","南青山二丁目",1026,858,958,1816
20120301,"赤坂地区総合支所管内","南青山三丁目",749,615,729,1344
20120301,"赤坂地区総合支所管内","南青山四丁目",1389,1217,1504,2721
20120301,"赤坂地区総合支所管内","南青山五丁目",724,659,788,1447
20120301,"赤坂地区総合支所管内","南青山六丁目",842,660,799,1459
20120301,"赤坂地区総合支所管内","南青山七丁目",995,885,1115,2000
20120301,"赤坂地区総合支所管内","北青山一丁目",804,653,998,1651
20120301,"赤坂地区総合支所管内","北青山二丁目",261,221,277,498
20120301,"赤坂地区総合支所管内","北青山三丁目",825,516,827,1343
20120401,"赤坂地区総合支所管内","元赤坂一丁目",156,113,123,236
20120401,"赤坂地区総合支所管内","元赤坂二丁目",173,176,153,329
20120401,"赤坂地区総合支所管内","赤坂一丁目",167,156,173,329
20120401,"赤坂地区総合支所管内","赤坂二丁目",1433,1047,1076,2123
20120401,"赤坂地区総合支所管内","赤坂三丁目",160,140,116,256
20120401,"赤坂地区総合支所管内","赤坂四丁目",1059,891,926,1817
20120401,"赤坂地区総合支所管内","赤坂五丁目",289,212,321,533
20120401,"赤坂地区総合支所管内","赤坂六丁目",1582,1177,1276,2453
20120401,"赤坂地区総合支所管内","赤坂七丁目",1274,981,1125,2106
20120401,"赤坂地区総合支所管内","赤坂八丁目",1525,1236,1611,2847
20120401,"赤坂地区総合支所管内","赤坂九丁目",989,746,650,1396
20120401,"赤坂地区総合支所管内","南青山一丁目",1305,1071,1278,2349
20120401,"赤坂地区総合支所管内","南青山二丁目",1028,856,961,1817
20120401,"赤坂地区総合支所管内","南青山三丁目",751,616,723,1339
20120401,"赤坂地区総合支所管内","南青山四丁目",1444,1269,1567,2836
20120401,"赤坂地区総合支所管内","南青山五丁目",717,649,776,1425
20120401,"赤坂地区総合支所管内","南青山六丁目",847,670,804,1474
20120401,"赤坂地区総合支所管内","南青山七丁目",1004,888,1130,2018
20120401,"赤坂地区総合支所管内","北青山一丁目",805,644,995,1639
20120401,"赤坂地区総合支所管内","北青山二丁目",263,220,279,499
20120401,"赤坂地区総合支所管内","北青山三丁目",826,515,828,1343
20120501,"赤坂地区総合支所管内","元赤坂一丁目",158,114,125,239
20120501,"赤坂地区総合支所管内","元赤坂二丁目",178,180,154,334
20120501,"赤坂地区総合支所管内","赤坂一丁目",169,156,174,330
20120501,"赤坂地区総合支所管内","赤坂二丁目",1435,1045,1079,2124
20120501,"赤坂地区総合支所管内","赤坂三丁目",165,145,115,260
20120501,"赤坂地区総合支所管内","赤坂四丁目",1056,886,926,1812
20120501,"赤坂地区総合支所管内","赤坂五丁目",287,212,315,527
20120501,"赤坂地区総合支所管内","赤坂六丁目",1594,1189,1287,2476
20120501,"赤坂地区総合支所管内","赤坂七丁目",1289,998,1135,2133
20120501,"赤坂地区総合支所管内","赤坂八丁目",1522,1230,1603,2833
20120501,"赤坂地区総合支所管内","赤坂九丁目",994,753,649,1402
20120501,"赤坂地区総合支所管内","南青山一丁目",1300,1069,1285,2354
20120501,"赤坂地区総合支所管内","南青山二丁目",1032,857,961,1818
20120501,"赤坂地区総合支所管内","南青山三丁目",741,603,709,1312
20120501,"赤坂地区総合支所管内","南青山四丁目",1477,1303,1595,2898
20120501,"赤坂地区総合支所管内","南青山五丁目",704,632,762,1394
20120501,"赤坂地区総合支所管内","南青山六丁目",850,663,807,1470
20120501,"赤坂地区総合支所管内","南青山七丁目",1010,886,1140,2026
20120501,"赤坂地区総合支所管内","北青山一丁目",804,641,986,1627
20120501,"赤坂地区総合支所管内","北青山二丁目",264,220,280,500
20120501,"赤坂地区総合支所管内","北青山三丁目",823,512,824,1336
20120601,"赤坂地区総合支所管内","元赤坂一丁目",158,114,127,241
20120601,"赤坂地区総合支所管内","元赤坂二丁目",174,177,153,330
20120601,"赤坂地区総合支所管内","赤坂一丁目",167,154,173,327
20120601,"赤坂地区総合支所管内","赤坂二丁目",1440,1047,1079,2126
20120601,"赤坂地区総合支所管内","赤坂三丁目",164,143,115,258
20120601,"赤坂地区総合支所管内","赤坂四丁目",1059,894,926,1820
20120601,"赤坂地区総合支所管内","赤坂五丁目",292,216,319,535
20120601,"赤坂地区総合支所管内","赤坂六丁目",1591,1187,1283,2470
20120601,"赤坂地区総合支所管内","赤坂七丁目",1288,996,1134,2130
20120601,"赤坂地区総合支所管内","赤坂八丁目",1526,1230,1608,2838
20120601,"赤坂地区総合支所管内","赤坂九丁目",996,762,648,1410
20120601,"赤坂地区総合支所管内","南青山一丁目",1301,1065,1288,2353
20120601,"赤坂地区総合支所管内","南青山二丁目",1021,851,960,1811
20120601,"赤坂地区総合支所管内","南青山三丁目",735,595,702,1297
20120601,"赤坂地区総合支所管内","南青山四丁目",1491,1316,1605,2921
20120601,"赤坂地区総合支所管内","南青山五丁目",699,627,764,1391
20120601,"赤坂地区総合支所管内","南青山六丁目",854,665,815,1480
20120601,"赤坂地区総合支所管内","南青山七丁目",1014,888,1140,2028
20120601,"赤坂地区総合支所管内","北青山一丁目",804,640,983,1623
20120601,"赤坂地区総合支所管内","北青山二丁目",265,220,281,501
20120601,"赤坂地区総合支所管内","北青山三丁目",829,518,826,1344
20120701,"赤坂地区総合支所管内","元赤坂一丁目",159,116,129,245
20120701,"赤坂地区総合支所管内","元赤坂二丁目",174,177,153,330
20120701,"赤坂地区総合支所管内","赤坂一丁目",173,159,182,341
20120701,"赤坂地区総合支所管内","赤坂二丁目",1447,1048,1076,2124
20120701,"赤坂地区総合支所管内","赤坂三丁目",167,146,119,265
20120701,"赤坂地区総合支所管内","赤坂四丁目",1072,902,937,1839
20120701,"赤坂地区総合支所管内","赤坂五丁目",293,213,323,536
20120701,"赤坂地区総合支所管内","赤坂六丁目",1593,1189,1287,2476
20120701,"赤坂地区総合支所管内","赤坂七丁目",1289,995,1137,2132
20120701,"赤坂地区総合支所管内","赤坂八丁目",1533,1240,1622,2862
20120701,"赤坂地区総合支所管内","赤坂九丁目",1016,781,656,1437
20120701,"赤坂地区総合支所管内","南青山一丁目",1303,1068,1286,2354
20120701,"赤坂地区総合支所管内","南青山二丁目",1021,852,963,1815
20120701,"赤坂地区総合支所管内","南青山三丁目",735,594,702,1296
20120701,"赤坂地区総合支所管内","南青山四丁目",1500,1327,1606,2933
20120701,"赤坂地区総合支所管内","南青山五丁目",702,626,769,1395
20120701,"赤坂地区総合支所管内","南青山六丁目",857,668,819,1487
20120701,"赤坂地区総合支所管内","南青山七丁目",1016,890,1142,2032
20120701,"赤坂地区総合支所管内","北青山一丁目",801,640,980,1620
20120701,"赤坂地区総合支所管内","北青山二丁目",269,226,282,508
20120701,"赤坂地区総合支所管内","北青山三丁目",827,518,822,1340
20120801,"赤坂地区総合支所管内","元赤坂一丁目",155,120,141,261
20120801,"赤坂地区総合支所管内","元赤坂二丁目",174,178,153,331
20120801,"赤坂地区総合支所管内","赤坂一丁目",158,277,266,543
20120801,"赤坂地区総合支所管内","赤坂二丁目",1407,1325,1369,2694
20120801,"赤坂地区総合支所管内","赤坂三丁目",155,168,184,352
20120801,"赤坂地区総合支所管内","赤坂四丁目",1043,994,1037,2031
20120801,"赤坂地区総合支所管内","赤坂五丁目",296,321,409,730
20120801,"赤坂地区総合支所管内","赤坂六丁目",1541,1404,1512,2916
20120801,"赤坂地区総合支所管内","赤坂七丁目",1228,1081,1213,2294
20120801,"赤坂地区総合支所管内","赤坂八丁目",1497,1399,1733,3132
20120801,"赤坂地区総合支所管内","赤坂九丁目",992,936,789,1725
20120801,"赤坂地区総合支所管内","南青山一丁目",1274,1152,1359,2511
20120801,"赤坂地区総合支所管内","南青山二丁目",1005,905,994,1899
20120801,"赤坂地区総合支所管内","南青山三丁目",717,623,716,1339
20120801,"赤坂地区総合支所管内","南青山四丁目",1474,1453,1705,3158
20120801,"赤坂地区総合支所管内","南青山五丁目",689,669,794,1463
20120801,"赤坂地区総合支所管内","南青山六丁目",841,719,840,1559
20120801,"赤坂地区総合支所管内","南青山七丁目",995,929,1183,2112
20120801,"赤坂地区総合支所管内","北青山一丁目",788,668,1017,1685
20120801,"赤坂地区総合支所管内","北青山二丁目",269,243,286,529
20120801,"赤坂地区総合支所管内","北青山三丁目",816,527,844,1371
20120901,"赤坂地区総合支所管内","元赤坂一丁目",156,121,142,263
20120901,"赤坂地区総合支所管内","元赤坂二丁目",172,178,151,329
20120901,"赤坂地区総合支所管内","赤坂一丁目",158,276,271,547
20120901,"赤坂地区総合支所管内","赤坂二丁目",1416,1338,1381,2719
20120901,"赤坂地区総合支所管内","赤坂三丁目",153,164,182,346
20120901,"赤坂地区総合支所管内","赤坂四丁目",1044,997,1044,2041
20120901,"赤坂地区総合支所管内","赤坂五丁目",296,319,408,727
20120901,"赤坂地区総合支所管内","赤坂六丁目",1543,1402,1527,2929
20120901,"赤坂地区総合支所管内","赤坂七丁目",1228,1082,1220,2302
20120901,"赤坂地区総合支所管内","赤坂八丁目",1500,1409,1760,3169
20120901,"赤坂地区総合支所管内","赤坂九丁目",1005,955,801,1756
20120901,"赤坂地区総合支所管内","南青山一丁目",1272,1150,1358,2508
20120901,"赤坂地区総合支所管内","南青山二丁目",1003,900,987,1887
20120901,"赤坂地区総合支所管内","南青山三丁目",719,625,716,1341
20120901,"赤坂地区総合支所管内","南青山四丁目",1469,1447,1700,3147
20120901,"赤坂地区総合支所管内","南青山五丁目",685,668,799,1467
20120901,"赤坂地区総合支所管内","南青山六丁目",848,719,841,1560
20120901,"赤坂地区総合支所管内","南青山七丁目",990,923,1177,2100
20120901,"赤坂地区総合支所管内","北青山一丁目",789,672,1016,1688
20120901,"赤坂地区総合支所管内","北青山二丁目",277,248,291,539
20120901,"赤坂地区総合支所管内","北青山三丁目",814,523,842,1365
20121001,"赤坂地区総合支所管内","元赤坂一丁目",159,125,146,271
20121001,"赤坂地区総合支所管内","元赤坂二丁目",170,178,150,328
20121001,"赤坂地区総合支所管内","赤坂一丁目",158,279,274,553
20121001,"赤坂地区総合支所管内","赤坂二丁目",1405,1321,1382,2703
20121001,"赤坂地区総合支所管内","赤坂三丁目",155,164,181,345
20121001,"赤坂地区総合支所管内","赤坂四丁目",1044,1005,1049,2054
20121001,"赤坂地区総合支所管内","赤坂五丁目",297,317,407,724
20121001,"赤坂地区総合支所管内","赤坂六丁目",1540,1397,1528,2925
20121001,"赤坂地区総合支所管内","赤坂七丁目",1228,1078,1228,2306
20121001,"赤坂地区総合支所管内","赤坂八丁目",1498,1414,1753,3167
20121001,"赤坂地区総合支所管内","赤坂九丁目",1002,952,799,1751
20121001,"赤坂地区総合支所管内","南青山一丁目",1271,1149,1362,2511
20121001,"赤坂地区総合支所管内","南青山二丁目",1004,895,981,1876
20121001,"赤坂地区総合支所管内","南青山三丁目",714,611,707,1318
20121001,"赤坂地区総合支所管内","南青山四丁目",1468,1450,1696,3146
20121001,"赤坂地区総合支所管内","南青山五丁目",690,673,802,1475
20121001,"赤坂地区総合支所管内","南青山六丁目",845,716,837,1553
20121001,"赤坂地区総合支所管内","南青山七丁目",997,929,1179,2108
20121001,"赤坂地区総合支所管内","北青山一丁目",786,674,1016,1690
20121001,"赤坂地区総合支所管内","北青山二丁目",279,251,294,545
20121001,"赤坂地区総合支所管内","北青山三丁目",806,520,840,1360
20121101,"赤坂地区総合支所管内","元赤坂一丁目",165,124,152,276
20121101,"赤坂地区総合支所管内","元赤坂二丁目",176,183,151,334
20121101,"赤坂地区総合支所管内","赤坂一丁目",158,281,277,558
20121101,"赤坂地区総合支所管内","赤坂二丁目",1409,1325,1381,2706
20121101,"赤坂地区総合支所管内","赤坂三丁目",154,163,185,348
20121101,"赤坂地区総合支所管内","赤坂四丁目",1057,1017,1056,2073
20121101,"赤坂地区総合支所管内","赤坂五丁目",303,320,415,735
20121101,"赤坂地区総合支所管内","赤坂六丁目",1536,1399,1521,2920
20121101,"赤坂地区総合支所管内","赤坂七丁目",1226,1079,1222,2301
20121101,"赤坂地区総合支所管内","赤坂八丁目",1494,1412,1759,3171
20121101,"赤坂地区総合支所管内","赤坂九丁目",997,958,793,1751
20121101,"赤坂地区総合支所管内","南青山一丁目",1280,1155,1375,2530
20121101,"赤坂地区総合支所管内","南青山二丁目",1007,900,978,1878
20121101,"赤坂地区総合支所管内","南青山三丁目",716,615,707,1322
20121101,"赤坂地区総合支所管内","南青山四丁目",1463,1450,1696,3146
20121101,"赤坂地区総合支所管内","南青山五丁目",691,677,797,1474
20121101,"赤坂地区総合支所管内","南青山六丁目",853,722,843,1565
20121101,"赤坂地区総合支所管内","南青山七丁目",999,933,1174,2107
20121101,"赤坂地区総合支所管内","北青山一丁目",790,677,1020,1697
20121101,"赤坂地区総合支所管内","北青山二丁目",280,251,296,547
20121101,"赤坂地区総合支所管内","北青山三丁目",803,521,836,1357
20121201,"赤坂地区総合支所管内","元赤坂一丁目",166,122,154,276
20121201,"赤坂地区総合支所管内","元赤坂二丁目",176,183,150,333
20121201,"赤坂地区総合支所管内","赤坂一丁目",158,273,276,549
20121201,"赤坂地区総合支所管内","赤坂二丁目",1400,1312,1382,2694
20121201,"赤坂地区総合支所管内","赤坂三丁目",153,160,182,342
20121201,"赤坂地区総合支所管内","赤坂四丁目",1056,1022,1057,2079
20121201,"赤坂地区総合支所管内","赤坂五丁目",307,321,425,746
20121201,"赤坂地区総合支所管内","赤坂六丁目",1548,1402,1519,2921
20121201,"赤坂地区総合支所管内","赤坂七丁目",1224,1076,1225,2301
20121201,"赤坂地区総合支所管内","赤坂八丁目",1494,1416,1752,3168
20121201,"赤坂地区総合支所管内","赤坂九丁目",1004,976,796,1772
20121201,"赤坂地区総合支所管内","南青山一丁目",1277,1150,1379,2529
20121201,"赤坂地区総合支所管内","南青山二丁目",1006,902,984,1886
20121201,"赤坂地区総合支所管内","南青山三丁目",709,609,704,1313
20121201,"赤坂地区総合支所管内","南青山四丁目",1468,1449,1706,3155
20121201,"赤坂地区総合支所管内","南青山五丁目",683,670,795,1465
20121201,"赤坂地区総合支所管内","南青山六丁目",871,733,860,1593
20121201,"赤坂地区総合支所管内","南青山七丁目",1005,942,1180,2122
20121201,"赤坂地区総合支所管内","北青山一丁目",787,674,1016,1690
20121201,"赤坂地区総合支所管内","北青山二丁目",279,249,298,547
20121201,"赤坂地区総合支所管内","北青山三丁目",799,516,830,1346
20120101,"高輪地区総合支所管内","三田四丁目",1750,1470,1755,3225
20120101,"高輪地区総合支所管内","三田五丁目",2717,2142,2710,4852
20120101,"高輪地区総合支所管内","高輪一丁目",3601,2838,3704,6542
20120101,"高輪地区総合支所管内","高輪二丁目",3342,2606,3310,5916
20120101,"高輪地区総合支所管内","高輪三丁目",2115,1793,2039,3832
20120101,"高輪地区総合支所管内","高輪四丁目",1853,1633,1861,3494
20120101,"高輪地区総合支所管内","白金一丁目",2654,2055,2441,4496
20120101,"高輪地区総合支所管内","白金二丁目",927,774,1025,1799
20120101,"高輪地区総合支所管内","白金三丁目",2061,1563,1867,3430
20120101,"高輪地区総合支所管内","白金四丁目",681,546,719,1265
20120101,"高輪地区総合支所管内","白金五丁目",911,671,806,1477
20120101,"高輪地区総合支所管内","白金六丁目",1348,1145,1325,2470
20120101,"高輪地区総合支所管内","白金台一丁目",472,413,553,966
20120101,"高輪地区総合支所管内","白金台二丁目",1098,903,1156,2059
20120101,"高輪地区総合支所管内","白金台三丁目",1681,1486,1907,3393
20120101,"高輪地区総合支所管内","白金台四丁目",986,764,1016,1780
20120101,"高輪地区総合支所管内","白金台五丁目",907,706,903,1609
20120201,"高輪地区総合支所管内","三田四丁目",1751,1471,1757,3228
20120201,"高輪地区総合支所管内","三田五丁目",2716,2143,2706,4849
20120201,"高輪地区総合支所管内","高輪一丁目",3604,2848,3698,6546
20120201,"高輪地区総合支所管内","高輪二丁目",3356,2616,3324,5940
20120201,"高輪地区総合支所管内","高輪三丁目",2127,1799,2051,3850
20120201,"高輪地区総合支所管内","高輪四丁目",1858,1635,1870,3505
20120201,"高輪地区総合支所管内","白金一丁目",2657,2057,2442,4499
20120201,"高輪地区総合支所管内","白金二丁目",933,777,1036,1813
20120201,"高輪地区総合支所管内","白金三丁目",2066,1559,1871,3430
20120201,"高輪地区総合支所管内","白金四丁目",682,545,718,1263
20120201,"高輪地区総合支所管内","白金五丁目",911,671,807,1478
20120201,"高輪地区総合支所管内","白金六丁目",1349,1146,1322,2468
20120201,"高輪地区総合支所管内","白金台一丁目",475,415,555,970
20120201,"高輪地区総合支所管内","白金台二丁目",1101,912,1159,2071
20120201,"高輪地区総合支所管内","白金台三丁目",1692,1483,1921,3404
20120201,"高輪地区総合支所管内","白金台四丁目",983,764,1014,1778
20120201,"高輪地区総合支所管内","白金台五丁目",899,697,902,1599
20120301,"高輪地区総合支所管内","三田四丁目",1745,1466,1760,3226
20120301,"高輪地区総合支所管内","三田五丁目",2720,2143,2704,4847
20120301,"高輪地区総合支所管内","高輪一丁目",3607,2842,3700,6542
20120301,"高輪地区総合支所管内","高輪二丁目",3375,2644,3330,5974
20120301,"高輪地区総合支所管内","高輪三丁目",2144,1808,2064,3872
20120301,"高輪地区総合支所管内","高輪四丁目",1863,1635,1867,3502
20120301,"高輪地区総合支所管内","白金一丁目",2648,2048,2438,4486
20120301,"高輪地区総合支所管内","白金二丁目",943,790,1043,1833
20120301,"高輪地区総合支所管内","白金三丁目",2068,1567,1867,3434
20120301,"高輪地区総合支所管内","白金四丁目",683,545,718,1263
20120301,"高輪地区総合支所管内","白金五丁目",912,669,811,1480
20120301,"高輪地区総合支所管内","白金六丁目",1357,1148,1331,2479
20120301,"高輪地区総合支所管内","白金台一丁目",473,417,554,971
20120301,"高輪地区総合支所管内","白金台二丁目",1084,900,1146,2046
20120301,"高輪地区総合支所管内","白金台三丁目",1695,1481,1923,3404
20120301,"高輪地区総合支所管内","白金台四丁目",984,766,1015,1781
20120301,"高輪地区総合支所管内","白金台五丁目",898,705,899,1604
20120401,"高輪地区総合支所管内","三田四丁目",1742,1467,1752,3219
20120401,"高輪地区総合支所管内","三田五丁目",2731,2138,2715,4853
20120401,"高輪地区総合支所管内","高輪一丁目",3618,2858,3699,6557
20120401,"高輪地区総合支所管内","高輪二丁目",3384,2658,3342,6000
20120401,"高輪地区総合支所管内","高輪三丁目",2140,1806,2062,3868
20120401,"高輪地区総合支所管内","高輪四丁目",1872,1645,1877,3522
20120401,"高輪地区総合支所管内","白金一丁目",2646,2045,2426,4471
20120401,"高輪地区総合支所管内","白金二丁目",947,791,1054,1845
20120401,"高輪地区総合支所管内","白金三丁目",2068,1570,1861,3431
20120401,"高輪地区総合支所管内","白金四丁目",693,556,727,1283
20120401,"高輪地区総合支所管内","白金五丁目",905,664,812,1476
20120401,"高輪地区総合支所管内","白金六丁目",1387,1158,1355,2513
20120401,"高輪地区総合支所管内","白金台一丁目",475,412,555,967
20120401,"高輪地区総合支所管内","白金台二丁目",1096,908,1146,2054
20120401,"高輪地区総合支所管内","白金台三丁目",1695,1485,1925,3410
20120401,"高輪地区総合支所管内","白金台四丁目",991,766,1015,1781
20120401,"高輪地区総合支所管内","白金台五丁目",889,696,890,1586
20120501,"高輪地区総合支所管内","三田四丁目",1749,1474,1757,3231
20120501,"高輪地区総合支所管内","三田五丁目",2771,2170,2778,4948
20120501,"高輪地区総合支所管内","高輪一丁目",3638,2873,3713,6586
20120501,"高輪地区総合支所管内","高輪二丁目",3376,2641,3340,5981
20120501,"高輪地区総合支所管内","高輪三丁目",2162,1808,2078,3886
20120501,"高輪地区総合支所管内","高輪四丁目",1870,1640,1883,3523
20120501,"高輪地区総合支所管内","白金一丁目",2646,2040,2437,4477
20120501,"高輪地区総合支所管内","白金二丁目",941,786,1046,1832
20120501,"高輪地区総合支所管内","白金三丁目",2067,1565,1865,3430
20120501,"高輪地区総合支所管内","白金四丁目",685,546,715,1261
20120501,"高輪地区総合支所管内","白金五丁目",911,671,807,1478
20120501,"高輪地区総合支所管内","白金六丁目",1401,1165,1367,2532
20120501,"高輪地区総合支所管内","白金台一丁目",476,412,556,968
20120501,"高輪地区総合支所管内","白金台二丁目",1099,914,1148,2062
20120501,"高輪地区総合支所管内","白金台三丁目",1693,1491,1917,3408
20120501,"高輪地区総合支所管内","白金台四丁目",996,773,1014,1787
20120501,"高輪地区総合支所管内","白金台五丁目",882,688,887,1575
20120601,"高輪地区総合支所管内","三田四丁目",1758,1483,1766,3249
20120601,"高輪地区総合支所管内","三田五丁目",2787,2170,2791,4961
20120601,"高輪地区総合支所管内","高輪一丁目",3650,2879,3719,6598
20120601,"高輪地区総合支所管内","高輪二丁目",3389,2643,3341,5984
20120601,"高輪地区総合支所管内","高輪三丁目",2175,1810,2094,3904
20120601,"高輪地区総合支所管内","高輪四丁目",1890,1651,1898,3549
20120601,"高輪地区総合支所管内","白金一丁目",2641,2023,2442,4465
20120601,"高輪地区総合支所管内","白金二丁目",953,796,1057,1853
20120601,"高輪地区総合支所管内","白金三丁目",2071,1567,1866,3433
20120601,"高輪地区総合支所管内","白金四丁目",686,549,719,1268
20120601,"高輪地区総合支所管内","白金五丁目",910,670,804,1474
20120601,"高輪地区総合支所管内","白金六丁目",1404,1162,1376,2538
20120601,"高輪地区総合支所管内","白金台一丁目",477,414,558,972
20120601,"高輪地区総合支所管内","白金台二丁目",1095,912,1146,2058
20120601,"高輪地区総合支所管内","白金台三丁目",1694,1489,1920,3409
20120601,"高輪地区総合支所管内","白金台四丁目",996,772,1013,1785
20120601,"高輪地区総合支所管内","白金台五丁目",877,690,883,1573
20120701,"高輪地区総合支所管内","三田四丁目",1755,1484,1760,3244
20120701,"高輪地区総合支所管内","三田五丁目",2779,2166,2780,4946
20120701,"高輪地区総合支所管内","高輪一丁目",3652,2879,3724,6603
20120701,"高輪地区総合支所管内","高輪二丁目",3391,2648,3335,5983
20120701,"高輪地区総合支所管内","高輪三丁目",2169,1805,2096,3901
20120701,"高輪地区総合支所管内","高輪四丁目",1888,1650,1901,3551
20120701,"高輪地区総合支所管内","白金一丁目",2646,2022,2448,4470
20120701,"高輪地区総合支所管内","白金二丁目",951,802,1062,1864
20120701,"高輪地区総合支所管内","白金三丁目",2070,1565,1872,3437
20120701,"高輪地区総合支所管内","白金四丁目",688,550,718,1268
20120701,"高輪地区総合支所管内","白金五丁目",912,669,807,1476
20120701,"高輪地区総合支所管内","白金六丁目",1407,1161,1388,2549
20120701,"高輪地区総合支所管内","白金台一丁目",474,413,548,961
20120701,"高輪地区総合支所管内","白金台二丁目",1090,911,1146,2057
20120701,"高輪地区総合支所管内","白金台三丁目",1699,1494,1920,3414
20120701,"高輪地区総合支所管内","白金台四丁目",997,779,1018,1797
20120701,"高輪地区総合支所管内","白金台五丁目",873,689,879,1568
20120801,"高輪地区総合支所管内","三田四丁目",1725,1548,1815,3363
20120801,"高輪地区総合支所管内","三田五丁目",2753,2283,2898,5181
20120801,"高輪地区総合支所管内","高輪一丁目",3577,3024,3883,6907
20120801,"高輪地区総合支所管内","高輪二丁目",3344,2786,3436,6222
20120801,"高輪地区総合支所管内","高輪三丁目",2135,1899,2177,4076
20120801,"高輪地区総合支所管内","高輪四丁目",1849,1801,1993,3794
20120801,"高輪地区総合支所管内","白金一丁目",2628,2107,2571,4678
20120801,"高輪地区総合支所管内","白金二丁目",926,894,1131,2025
20120801,"高輪地区総合支所管内","白金三丁目",2054,1674,1983,3657
20120801,"高輪地区総合支所管内","白金四丁目",669,600,761,1361
20120801,"高輪地区総合支所管内","白金五丁目",898,726,856,1582
20120801,"高輪地区総合支所管内","白金六丁目",1398,1223,1446,2669
20120801,"高輪地区総合支所管内","白金台一丁目",464,435,568,1003
20120801,"高輪地区総合支所管内","白金台二丁目",1074,1011,1221,2232
20120801,"高輪地区総合支所管内","白金台三丁目",1670,1584,1987,3571
20120801,"高輪地区総合支所管内","白金台四丁目",974,916,1140,2056
20120801,"高輪地区総合支所管内","白金台五丁目",860,739,938,1677
20120901,"高輪地区総合支所管内","三田四丁目",1721,1538,1817,3355
20120901,"高輪地区総合支所管内","三田五丁目",2755,2292,2887,5179
20120901,"高輪地区総合支所管内","高輪一丁目",3571,3016,3881,6897
20120901,"高輪地区総合支所管内","高輪二丁目",3353,2789,3435,6224
20120901,"高輪地区総合支所管内","高輪三丁目",2137,1900,2182,4082
20120901,"高輪地区総合支所管内","高輪四丁目",1845,1783,1995,3778
20120901,"高輪地区総合支所管内","白金一丁目",2632,2108,2582,4690
20120901,"高輪地区総合支所管内","白金二丁目",929,898,1132,2030
20120901,"高輪地区総合支所管内","白金三丁目",2058,1669,1986,3655
20120901,"高輪地区総合支所管内","白金四丁目",666,596,757,1353
20120901,"高輪地区総合支所管内","白金五丁目",889,724,853,1577
20120901,"高輪地区総合支所管内","白金六丁目",1407,1230,1455,2685
20120901,"高輪地区総合支所管内","白金台一丁目",465,441,570,1011
20120901,"高輪地区総合支所管内","白金台二丁目",1075,1009,1221,2230
20120901,"高輪地区総合支所管内","白金台三丁目",1655,1572,1972,3544
20120901,"高輪地区総合支所管内","白金台四丁目",989,921,1149,2070
20120901,"高輪地区総合支所管内","白金台五丁目",861,747,947,1694
20121001,"高輪地区総合支所管内","三田四丁目",1726,1541,1831,3372
20121001,"高輪地区総合支所管内","三田五丁目",2749,2289,2877,5166
20121001,"高輪地区総合支所管内","高輪一丁目",3565,3005,3871,6876
20121001,"高輪地区総合支所管内","高輪二丁目",3359,2813,3453,6266
20121001,"高輪地区総合支所管内","高輪三丁目",2139,1906,2189,4095
20121001,"高輪地区総合支所管内","高輪四丁目",1847,1788,2005,3793
20121001,"高輪地区総合支所管内","白金一丁目",2645,2122,2597,4719
20121001,"高輪地区総合支所管内","白金二丁目",930,903,1134,2037
20121001,"高輪地区総合支所管内","白金三丁目",2056,1665,1988,3653
20121001,"高輪地区総合支所管内","白金四丁目",666,596,757,1353
20121001,"高輪地区総合支所管内","白金五丁目",887,713,854,1567
20121001,"高輪地区総合支所管内","白金六丁目",1405,1228,1455,2683
20121001,"高輪地区総合支所管内","白金台一丁目",463,439,569,1008
20121001,"高輪地区総合支所管内","白金台二丁目",1073,1006,1220,2226
20121001,"高輪地区総合支所管内","白金台三丁目",1650,1566,1974,3540
20121001,"高輪地区総合支所管内","白金台四丁目",985,910,1138,2048
20121001,"高輪地区総合支所管内","白金台五丁目",859,745,946,1691
20121101,"高輪地区総合支所管内","三田四丁目",1729,1543,1839,3382
20121101,"高輪地区総合支所管内","三田五丁目",2752,2289,2890,5179
20121101,"高輪地区総合支所管内","高輪一丁目",3580,3008,3890,6898
20121101,"高輪地区総合支所管内","高輪二丁目",3358,2810,3458,6268
20121101,"高輪地区総合支所管内","高輪三丁目",2147,1912,2188,4100
20121101,"高輪地区総合支所管内","高輪四丁目",1846,1791,2012,3803
20121101,"高輪地区総合支所管内","白金一丁目",2641,2122,2595,4717
20121101,"高輪地区総合支所管内","白金二丁目",927,898,1130,2028
20121101,"高輪地区総合支所管内","白金三丁目",2051,1666,1989,3655
20121101,"高輪地区総合支所管内","白金四丁目",660,586,753,1339
20121101,"高輪地区総合支所管内","白金五丁目",888,713,856,1569
20121101,"高輪地区総合支所管内","白金六丁目",1402,1230,1458,2688
20121101,"高輪地区総合支所管内","白金台一丁目",461,436,570,1006
20121101,"高輪地区総合支所管内","白金台二丁目",1075,1008,1224,2232
20121101,"高輪地区総合支所管内","白金台三丁目",1658,1572,1989,3561
20121101,"高輪地区総合支所管内","白金台四丁目",977,928,1146,2074
20121101,"高輪地区総合支所管内","白金台五丁目",856,743,944,1687
20121201,"高輪地区総合支所管内","三田四丁目",1723,1533,1829,3362
20121201,"高輪地区総合支所管内","三田五丁目",2751,2278,2895,5173
20121201,"高輪地区総合支所管内","高輪一丁目",3579,3005,3888,6893
20121201,"高輪地区総合支所管内","高輪二丁目",3358,2813,3458,6271
20121201,"高輪地区総合支所管内","高輪三丁目",2145,1912,2188,4100
20121201,"高輪地区総合支所管内","高輪四丁目",1838,1784,2008,3792
20121201,"高輪地区総合支所管内","白金一丁目",2639,2127,2600,4727
20121201,"高輪地区総合支所管内","白金二丁目",930,894,1137,2031
20121201,"高輪地区総合支所管内","白金三丁目",2063,1679,1999,3678
20121201,"高輪地区総合支所管内","白金四丁目",660,586,756,1342
20121201,"高輪地区総合支所管内","白金五丁目",891,713,855,1568
20121201,"高輪地区総合支所管内","白金六丁目",1401,1224,1452,2676
20121201,"高輪地区総合支所管内","白金台一丁目",464,435,575,1010
20121201,"高輪地区総合支所管内","白金台二丁目",1068,1004,1222,2226
20121201,"高輪地区総合支所管内","白金台三丁目",1656,1576,1988,3564
20121201,"高輪地区総合支所管内","白金台四丁目",978,929,1147,2076
20121201,"高輪地区総合支所管内","白金台五丁目",856,746,947,1693
20120101,"麻布地区総合支所管内","麻布狸穴町",137,132,147,279
20120101,"麻布地区総合支所管内","麻布永坂町",84,82,109,191
20120101,"麻布地区総合支所管内","南麻布一丁目",2031,1507,1744,3251
20120101,"麻布地区総合支所管内","南麻布二丁目",1752,1141,1415,2556
20120101,"麻布地区総合支所管内","南麻布三丁目",1437,1136,1388,2524
20120101,"麻布地区総合支所管内","南麻布四丁目",1348,975,1348,2323
20120101,"麻布地区総合支所管内","南麻布五丁目",874,743,969,1712
20120101,"麻布地区総合支所管内","元麻布一丁目",533,447,571,1018
20120101,"麻布地区総合支所管内","元麻布二丁目",786,697,906,1603
20120101,"麻布地区総合支所管内","元麻布三丁目",710,605,604,1209
20120101,"麻布地区総合支所管内","西麻布一丁目",926,689,734,1423
20120101,"麻布地区総合支所管内","西麻布二丁目",1329,985,1168,2153
20120101,"麻布地区総合支所管内","西麻布三丁目",1444,1245,1466,2711
20120101,"麻布地区総合支所管内","西麻布四丁目",1281,1036,1317,2353
20120101,"麻布地区総合支所管内","六本木一丁目",591,510,595,1105
20120101,"麻布地区総合支所管内","六本木二丁目",439,260,276,536
20120101,"麻布地区総合支所管内","六本木三丁目",1157,893,797,1690
20120101,"麻布地区総合支所管内","六本木四丁目",552,505,519,1024
20120101,"麻布地区総合支所管内","六本木五丁目",938,733,905,1638
20120101,"麻布地区総合支所管内","六本木六丁目",723,603,629,1232
20120101,"麻布地区総合支所管内","六本木七丁目",1209,890,969,1859
20120101,"麻布地区総合支所管内","麻布台一丁目",441,342,359,701
20120101,"麻布地区総合支所管内","麻布台二丁目",145,101,118,219
20120101,"麻布地区総合支所管内","麻布台三丁目",404,296,356,652
20120101,"麻布地区総合支所管内","麻布十番一丁目",780,590,685,1275
20120101,"麻布地区総合支所管内","麻布十番二丁目",1593,1080,1256,2336
20120101,"麻布地区総合支所管内","麻布十番三丁目",1110,678,816,1494
20120101,"麻布地区総合支所管内","麻布十番四丁目",229,150,208,358
20120101,"麻布地区総合支所管内","東麻布一丁目",974,682,794,1476
20120101,"麻布地区総合支所管内","東麻布二丁目",1159,886,993,1879
20120101,"麻布地区総合支所管内","東麻布三丁目",480,303,371,674
20120201,"麻布地区総合支所管内","麻布狸穴町",134,131,145,276
20120201,"麻布地区総合支所管内","麻布永坂町",87,85,111,196
20120201,"麻布地区総合支所管内","南麻布一丁目",2050,1525,1752,3277
20120201,"麻布地区総合支所管内","南麻布二丁目",1756,1144,1415,2559
20120201,"麻布地区総合支所管内","南麻布三丁目",1429,1129,1388,2517
20120201,"麻布地区総合支所管内","南麻布四丁目",1351,977,1350,2327
20120201,"麻布地区総合支所管内","南麻布五丁目",879,747,972,1719
20120201,"麻布地区総合支所管内","元麻布一丁目",528,447,567,1014
20120201,"麻布地区総合支所管内","元麻布二丁目",789,702,906,1608
20120201,"麻布地区総合支所管内","元麻布三丁目",705,598,600,1198
20120201,"麻布地区総合支所管内","西麻布一丁目",931,688,733,1421
20120201,"麻布地区総合支所管内","西麻布二丁目",1329,988,1173,2161
20120201,"麻布地区総合支所管内","西麻布三丁目",1458,1261,1466,2727
20120201,"麻布地区総合支所管内","西麻布四丁目",1289,1043,1321,2364
20120201,"麻布地区総合支所管内","六本木一丁目",606,518,608,1126
20120201,"麻布地区総合支所管内","六本木二丁目",449,262,282,544
20120201,"麻布地区総合支所管内","六本木三丁目",1175,902,802,1704
20120201,"麻布地区総合支所管内","六本木四丁目",556,508,519,1027
20120201,"麻布地区総合支所管内","六本木五丁目",942,741,904,1645
20120201,"麻布地区総合支所管内","六本木六丁目",725,608,631,1239
20120201,"麻布地区総合支所管内","六本木七丁目",1205,882,968,1850
20120201,"麻布地区総合支所管内","麻布台一丁目",446,348,360,708
20120201,"麻布地区総合支所管内","麻布台二丁目",150,105,119,224
20120201,"麻布地区総合支所管内","麻布台三丁目",403,295,355,650
20120201,"麻布地区総合支所管内","麻布十番一丁目",779,591,683,1274
20120201,"麻布地区総合支所管内","麻布十番二丁目",1604,1085,1264,2349
20120201,"麻布地区総合支所管内","麻布十番三丁目",1108,677,811,1488
20120201,"麻布地区総合支所管内","麻布十番四丁目",232,151,208,359
20120201,"麻布地区総合支所管内","東麻布一丁目",968,679,788,1467
20120201,"麻布地区総合支所管内","東麻布二丁目",1168,889,993,1882
20120201,"麻布地区総合支所管内","東麻布三丁目",479,302,373,675
20120301,"麻布地区総合支所管内","麻布狸穴町",132,130,145,275
20120301,"麻布地区総合支所管内","麻布永坂町",87,85,111,196
20120301,"麻布地区総合支所管内","南麻布一丁目",2051,1529,1759,3288
20120301,"麻布地区総合支所管内","南麻布二丁目",1762,1154,1414,2568
20120301,"麻布地区総合支所管内","南麻布三丁目",1438,1132,1397,2529
20120301,"麻布地区総合支所管内","南麻布四丁目",1346,973,1353,2326
20120301,"麻布地区総合支所管内","南麻布五丁目",887,752,978,1730
20120301,"麻布地区総合支所管内","元麻布一丁目",526,449,572,1021
20120301,"麻布地区総合支所管内","元麻布二丁目",792,707,907,1614
20120301,"麻布地区総合支所管内","元麻布三丁目",708,596,611,1207
20120301,"麻布地区総合支所管内","西麻布一丁目",925,691,725,1416
20120301,"麻布地区総合支所管内","西麻布二丁目",1326,987,1175,2162
20120301,"麻布地区総合支所管内","西麻布三丁目",1471,1268,1476,2744
20120301,"麻布地区総合支所管内","西麻布四丁目",1288,1047,1317,2364
20120301,"麻布地区総合支所管内","六本木一丁目",610,524,618,1142
20120301,"麻布地区総合支所管内","六本木二丁目",446,259,280,539
20120301,"麻布地区総合支所管内","六本木三丁目",1187,910,811,1721
20120301,"麻布地区総合支所管内","六本木四丁目",562,509,523,1032
20120301,"麻布地区総合支所管内","六本木五丁目",942,736,903,1639
20120301,"麻布地区総合支所管内","六本木六丁目",725,605,637,1242
20120301,"麻布地区総合支所管内","六本木七丁目",1210,886,965,1851
20120301,"麻布地区総合支所管内","麻布台一丁目",455,354,363,717
20120301,"麻布地区総合支所管内","麻布台二丁目",153,108,126,234
20120301,"麻布地区総合支所管内","麻布台三丁目",408,300,358,658
20120301,"麻布地区総合支所管内","麻布十番一丁目",779,589,685,1274
20120301,"麻布地区総合支所管内","麻布十番二丁目",1602,1089,1253,2342
20120301,"麻布地区総合支所管内","麻布十番三丁目",1098,671,808,1479
20120301,"麻布地区総合支所管内","麻布十番四丁目",233,151,206,357
20120301,"麻布地区総合支所管内","東麻布一丁目",972,684,785,1469
20120301,"麻布地区総合支所管内","東麻布二丁目",1182,895,997,1892
20120301,"麻布地区総合支所管内","東麻布三丁目",479,306,371,677
20120401,"麻布地区総合支所管内","麻布狸穴町",128,127,141,268
20120401,"麻布地区総合支所管内","麻布永坂町",86,84,110,194
20120401,"麻布地区総合支所管内","南麻布一丁目",2072,1541,1778,3319
20120401,"麻布地区総合支所管内","南麻布二丁目",1795,1171,1435,2606
20120401,"麻布地区総合支所管内","南麻布三丁目",1446,1140,1397,2537
20120401,"麻布地区総合支所管内","南麻布四丁目",1363,981,1360,2341
20120401,"麻布地区総合支所管内","南麻布五丁目",887,754,976,1730
20120401,"麻布地区総合支所管内","元麻布一丁目",533,454,574,1028
20120401,"麻布地区総合支所管内","元麻布二丁目",796,711,910,1621
20120401,"麻布地区総合支所管内","元麻布三丁目",705,591,608,1199
20120401,"麻布地区総合支所管内","西麻布一丁目",933,691,723,1414
20120401,"麻布地区総合支所管内","西麻布二丁目",1336,998,1179,2177
20120401,"麻布地区総合支所管内","西麻布三丁目",1479,1278,1477,2755
20120401,"麻布地区総合支所管内","西麻布四丁目",1304,1052,1333,2385
20120401,"麻布地区総合支所管内","六本木一丁目",620,525,618,1143
20120401,"麻布地区総合支所管内","六本木二丁目",453,264,282,546
20120401,"麻布地区総合支所管内","六本木三丁目",1209,930,814,1744
20120401,"麻布地区総合支所管内","六本木四丁目",554,502,516,1018
20120401,"麻布地区総合支所管内","六本木五丁目",947,741,903,1644
20120401,"麻布地区総合支所管内","六本木六丁目",724,604,632,1236
20120401,"麻布地区総合支所管内","六本木七丁目",1215,892,970,1862
20120401,"麻布地区総合支所管内","麻布台一丁目",459,358,363,721
20120401,"麻布地区総合支所管内","麻布台二丁目",155,110,128,238
20120401,"麻布地区総合支所管内","麻布台三丁目",411,298,355,653
20120401,"麻布地区総合支所管内","麻布十番一丁目",793,598,686,1284
20120401,"麻布地区総合支所管内","麻布十番二丁目",1621,1092,1250,2342
20120401,"麻布地区総合支所管内","麻布十番三丁目",1122,684,825,1509
20120401,"麻布地区総合支所管内","麻布十番四丁目",235,152,207,359
20120401,"麻布地区総合支所管内","東麻布一丁目",974,685,784,1469
20120401,"麻布地区総合支所管内","東麻布二丁目",1195,899,1001,1900
20120401,"麻布地区総合支所管内","東麻布三丁目",487,312,377,689
20120501,"麻布地区総合支所管内","麻布狸穴町",130,128,142,270
20120501,"麻布地区総合支所管内","麻布永坂町",84,82,107,189
20120501,"麻布地区総合支所管内","南麻布一丁目",2075,1538,1788,3326
20120501,"麻布地区総合支所管内","南麻布二丁目",1802,1177,1441,2618
20120501,"麻布地区総合支所管内","南麻布三丁目",1447,1141,1391,2532
20120501,"麻布地区総合支所管内","南麻布四丁目",1373,990,1361,2351
20120501,"麻布地区総合支所管内","南麻布五丁目",886,756,969,1725
20120501,"麻布地区総合支所管内","元麻布一丁目",537,454,573,1027
20120501,"麻布地区総合支所管内","元麻布二丁目",800,716,913,1629
20120501,"麻布地区総合支所管内","元麻布三丁目",714,598,605,1203
20120501,"麻布地区総合支所管内","西麻布一丁目",938,691,730,1421
20120501,"麻布地区総合支所管内","西麻布二丁目",1335,1004,1177,2181
20120501,"麻布地区総合支所管内","西麻布三丁目",1487,1291,1478,2769
20120501,"麻布地区総合支所管内","西麻布四丁目",1309,1054,1333,2387
20120501,"麻布地区総合支所管内","六本木一丁目",628,530,625,1155
20120501,"麻布地区総合支所管内","六本木二丁目",454,269,280,549
20120501,"麻布地区総合支所管内","六本木三丁目",1206,929,814,1743
20120501,"麻布地区総合支所管内","六本木四丁目",566,509,521,1030
20120501,"麻布地区総合支所管内","六本木五丁目",944,737,900,1637
20120501,"麻布地区総合支所管内","六本木六丁目",720,602,631,1233
20120501,"麻布地区総合支所管内","六本木七丁目",1219,887,974,1861
20120501,"麻布地区総合支所管内","麻布台一丁目",458,355,363,718
20120501,"麻布地区総合支所管内","麻布台二丁目",152,108,126,234
20120501,"麻布地区総合支所管内","麻布台三丁目",409,295,358,653
20120501,"麻布地区総合支所管内","麻布十番一丁目",784,588,681,1269
20120501,"麻布地区総合支所管内","麻布十番二丁目",1629,1098,1256,2354
20120501,"麻布地区総合支所管内","麻布十番三丁目",1117,680,827,1507
20120501,"麻布地区総合支所管内","麻布十番四丁目",238,156,207,363
20120501,"麻布地区総合支所管内","東麻布一丁目",984,690,790,1480
20120501,"麻布地区総合支所管内","東麻布二丁目",1207,906,1006,1912
20120501,"麻布地区総合支所管内","東麻布三丁目",479,310,366,676
20120601,"麻布地区総合支所管内","麻布狸穴町",131,132,142,274
20120601,"麻布地区総合支所管内","麻布永坂町",84,80,107,187
20120601,"麻布地区総合支所管内","南麻布一丁目",2073,1540,1788,3328
20120601,"麻布地区総合支所管内","南麻布二丁目",1813,1190,1462,2652
20120601,"麻布地区総合支所管内","南麻布三丁目",1447,1139,1398,2537
20120601,"麻布地区総合支所管内","南麻布四丁目",1381,997,1363,2360
20120601,"麻布地区総合支所管内","南麻布五丁目",893,759,975,1734
20120601,"麻布地区総合支所管内","元麻布一丁目",540,457,574,1031
20120601,"麻布地区総合支所管内","元麻布二丁目",801,715,918,1633
20120601,"麻布地区総合支所管内","元麻布三丁目",726,612,605,1217
20120601,"麻布地区総合支所管内","西麻布一丁目",942,695,728,1423
20120601,"麻布地区総合支所管内","西麻布二丁目",1350,1022,1184,2206
20120601,"麻布地区総合支所管内","西麻布三丁目",1511,1310,1499,2809
20120601,"麻布地区総合支所管内","西麻布四丁目",1320,1060,1334,2394
20120601,"麻布地区総合支所管内","六本木一丁目",631,538,622,1160
20120601,"麻布地区総合支所管内","六本木二丁目",449,267,274,541
20120601,"麻布地区総合支所管内","六本木三丁目",1213,928,819,1747
20120601,"麻布地区総合支所管内","六本木四丁目",571,514,523,1037
20120601,"麻布地区総合支所管内","六本木五丁目",962,749,912,1661
20120601,"麻布地区総合支所管内","六本木六丁目",718,603,631,1234
20120601,"麻布地区総合支所管内","六本木七丁目",1221,888,978,1866
20120601,"麻布地区総合支所管内","麻布台一丁目",462,363,364,727
20120601,"麻布地区総合支所管内","麻布台二丁目",149,108,124,232
20120601,"麻布地区総合支所管内","麻布台三丁目",416,300,361,661
20120601,"麻布地区総合支所管内","麻布十番一丁目",786,586,688,1274
20120601,"麻布地区総合支所管内","麻布十番二丁目",1628,1100,1250,2350
20120601,"麻布地区総合支所管内","麻布十番三丁目",1122,682,831,1513
20120601,"麻布地区総合支所管内","麻布十番四丁目",238,158,205,363
20120601,"麻布地区総合支所管内","東麻布一丁目",979,685,788,1473
20120601,"麻布地区総合支所管内","東麻布二丁目",1218,913,1014,1927
20120601,"麻布地区総合支所管内","東麻布三丁目",484,314,363,677
20120701,"麻布地区総合支所管内","麻布狸穴町",131,132,143,275
20120701,"麻布地区総合支所管内","麻布永坂町",85,82,109,191
20120701,"麻布地区総合支所管内","南麻布一丁目",2072,1543,1779,3322
20120701,"麻布地区総合支所管内","南麻布二丁目",1811,1188,1460,2648
20120701,"麻布地区総合支所管内","南麻布三丁目",1453,1148,1399,2547
20120701,"麻布地区総合支所管内","南麻布四丁目",1374,989,1354,2343
20120701,"麻布地区総合支所管内","南麻布五丁目",895,761,978,1739
20120701,"麻布地区総合支所管内","元麻布一丁目",540,457,570,1027
20120701,"麻布地区総合支所管内","元麻布二丁目",798,712,913,1625
20120701,"麻布地区総合支所管内","元麻布三丁目",718,613,599,1212
20120701,"麻布地区総合支所管内","西麻布一丁目",940,698,727,1425
20120701,"麻布地区総合支所管内","西麻布二丁目",1359,1031,1181,2212
20120701,"麻布地区総合支所管内","西麻布三丁目",1516,1304,1504,2808
20120701,"麻布地区総合支所管内","西麻布四丁目",1325,1064,1342,2406
20120701,"麻布地区総合支所管内","六本木一丁目",640,542,626,1168
20120701,"麻布地区総合支所管内","六本木二丁目",450,269,271,540
20120701,"麻布地区総合支所管内","六本木三丁目",1219,937,827,1764
20120701,"麻布地区総合支所管内","六本木四丁目",570,514,516,1030
20120701,"麻布地区総合支所管内","六本木五丁目",962,746,913,1659
20120701,"麻布地区総合支所管内","六本木六丁目",712,600,627,1227
20120701,"麻布地区総合支所管内","六本木七丁目",1214,892,972,1864
20120701,"麻布地区総合支所管内","麻布台一丁目",459,364,364,728
20120701,"麻布地区総合支所管内","麻布台二丁目",149,105,126,231
20120701,"麻布地区総合支所管内","麻布台三丁目",419,303,363,666
20120701,"麻布地区総合支所管内","麻布十番一丁目",776,584,681,1265
20120701,"麻布地区総合支所管内","麻布十番二丁目",1632,1102,1254,2356
20120701,"麻布地区総合支所管内","麻布十番三丁目",1127,685,832,1517
20120701,"麻布地区総合支所管内","麻布十番四丁目",238,154,208,362
20120701,"麻布地区総合支所管内","東麻布一丁目",987,688,792,1480
20120701,"麻布地区総合支所管内","東麻布二丁目",1217,914,1015,1929
20120701,"麻布地区総合支所管内","東麻布三丁目",484,316,360,676
20120801,"麻布地区総合支所管内","麻布狸穴町",127,155,154,309
20120801,"麻布地区総合支所管内","麻布永坂町",82,107,125,232
20120801,"麻布地区総合支所管内","南麻布一丁目",1989,1724,1941,3665
20120801,"麻布地区総合支所管内","南麻布二丁目",1781,1323,1589,2912
20120801,"麻布地区総合支所管内","南麻布三丁目",1418,1342,1581,2923
20120801,"麻布地区総合支所管内","南麻布四丁目",1334,1225,1611,2836
20120801,"麻布地区総合支所管内","南麻布五丁目",868,965,1135,2100
20120801,"麻布地区総合支所管内","元麻布一丁目",511,577,681,1258
20120801,"麻布地区総合支所管内","元麻布二丁目",744,962,1160,2122
20120801,"麻布地区総合支所管内","元麻布三丁目",685,853,787,1640
20120801,"麻布地区総合支所管内","西麻布一丁目",921,750,795,1545
20120801,"麻布地区総合支所管内","西麻布二丁目",1335,1093,1255,2348
20120801,"麻布地区総合支所管内","西麻布三丁目",1481,1494,1667,3161
20120801,"麻布地区総合支所管内","西麻布四丁目",1279,1242,1478,2720
20120801,"麻布地区総合支所管内","六本木一丁目",598,796,848,1644
20120801,"麻布地区総合支所管内","六本木二丁目",445,325,370,695
20120801,"麻布地区総合支所管内","六本木三丁目",1193,1218,1020,2238
20120801,"麻布地区総合支所管内","六本木四丁目",555,635,617,1252
20120801,"麻布地区総合支所管内","六本木五丁目",934,841,997,1838
20120801,"麻布地区総合支所管内","六本木六丁目",686,904,842,1746
20120801,"麻布地区総合支所管内","六本木七丁目",1186,992,1059,2051
20120801,"麻布地区総合支所管内","麻布台一丁目",450,416,397,813
20120801,"麻布地区総合支所管内","麻布台二丁目",147,132,139,271
20120801,"麻布地区総合支所管内","麻布台三丁目",409,339,401,740
20120801,"麻布地区総合支所管内","麻布十番一丁目",764,613,715,1328
20120801,"麻布地区総合支所管内","麻布十番二丁目",1608,1248,1393,2641
20120801,"麻布地区総合支所管内","麻布十番三丁目",1110,748,902,1650
20120801,"麻布地区総合支所管内","麻布十番四丁目",238,159,217,376
20120801,"麻布地区総合支所管内","東麻布一丁目",973,812,876,1688
20120801,"麻布地区総合支所管内","東麻布二丁目",1200,990,1075,2065
20120801,"麻布地区総合支所管内","東麻布三丁目",478,348,407,755
20120901,"麻布地区総合支所管内","麻布狸穴町",125,156,155,311
20120901,"麻布地区総合支所管内","麻布永坂町",85,109,128,237
20120901,"麻布地区総合支所管内","南麻布一丁目",1985,1719,1935,3654
20120901,"麻布地区総合支所管内","南麻布二丁目",1785,1333,1592,2925
20120901,"麻布地区総合支所管内","南麻布三丁目",1418,1357,1588,2945
20120901,"麻布地区総合支所管内","南麻布四丁目",1328,1222,1602,2824
20120901,"麻布地区総合支所管内","南麻布五丁目",861,968,1145,2113
20120901,"麻布地区総合支所管内","元麻布一丁目",516,576,680,1256
20120901,"麻布地区総合支所管内","元麻布二丁目",751,976,1180,2156
20120901,"麻布地区総合支所管内","元麻布三丁目",686,859,797,1656
20120901,"麻布地区総合支所管内","西麻布一丁目",928,749,809,1558
20120901,"麻布地区総合支所管内","西麻布二丁目",1333,1088,1264,2352
20120901,"麻布地区総合支所管内","西麻布三丁目",1475,1479,1651,3130
20120901,"麻布地区総合支所管内","西麻布四丁目",1279,1243,1491,2734
20120901,"麻布地区総合支所管内","六本木一丁目",608,813,865,1678
20120901,"麻布地区総合支所管内","六本木二丁目",447,328,373,701
20120901,"麻布地区総合支所管内","六本木三丁目",1203,1217,1026,2243
20120901,"麻布地区総合支所管内","六本木四丁目",548,627,609,1236
20120901,"麻布地区総合支所管内","六本木五丁目",939,846,1003,1849
20120901,"麻布地区総合支所管内","六本木六丁目",690,922,846,1768
20120901,"麻布地区総合支所管内","六本木七丁目",1184,988,1058,2046
20120901,"麻布地区総合支所管内","麻布台一丁目",449,413,399,812
20120901,"麻布地区総合支所管内","麻布台二丁目",150,132,139,271
20120901,"麻布地区総合支所管内","麻布台三丁目",413,342,401,743
20120901,"麻布地区総合支所管内","麻布十番一丁目",768,619,714,1333
20120901,"麻布地区総合支所管内","麻布十番二丁目",1609,1255,1395,2650
20120901,"麻布地区総合支所管内","麻布十番三丁目",1115,751,895,1646
20120901,"麻布地区総合支所管内","麻布十番四丁目",240,157,218,375
20120901,"麻布地区総合支所管内","東麻布一丁目",974,809,878,1687
20120901,"麻布地区総合支所管内","東麻布二丁目",1199,987,1078,2065
20120901,"麻布地区総合支所管内","東麻布三丁目",474,347,403,750
20121001,"麻布地区総合支所管内","麻布狸穴町",127,158,154,312
20121001,"麻布地区総合支所管内","麻布永坂町",83,105,125,230
20121001,"麻布地区総合支所管内","南麻布一丁目",1978,1714,1937,3651
20121001,"麻布地区総合支所管内","南麻布二丁目",1778,1336,1599,2935
20121001,"麻布地区総合支所管内","南麻布三丁目",1415,1368,1604,2972
20121001,"麻布地区総合支所管内","南麻布四丁目",1339,1240,1622,2862
20121001,"麻布地区総合支所管内","南麻布五丁目",868,969,1149,2118
20121001,"麻布地区総合支所管内","元麻布一丁目",515,576,680,1256
20121001,"麻布地区総合支所管内","元麻布二丁目",747,984,1184,2168
20121001,"麻布地区総合支所管内","元麻布三丁目",687,855,798,1653
20121001,"麻布地区総合支所管内","西麻布一丁目",935,752,815,1567
20121001,"麻布地区総合支所管内","西麻布二丁目",1328,1090,1262,2352
20121001,"麻布地区総合支所管内","西麻布三丁目",1466,1461,1640,3101
20121001,"麻布地区総合支所管内","西麻布四丁目",1288,1255,1501,2756
20121001,"麻布地区総合支所管内","六本木一丁目",687,888,944,1832
20121001,"麻布地区総合支所管内","六本木二丁目",447,332,374,706
20121001,"麻布地区総合支所管内","六本木三丁目",1213,1225,1037,2262
20121001,"麻布地区総合支所管内","六本木四丁目",542,625,608,1233
20121001,"麻布地区総合支所管内","六本木五丁目",944,844,1006,1850
20121001,"麻布地区総合支所管内","六本木六丁目",681,919,840,1759
20121001,"麻布地区総合支所管内","六本木七丁目",1184,983,1059,2042
20121001,"麻布地区総合支所管内","麻布台一丁目",446,409,395,804
20121001,"麻布地区総合支所管内","麻布台二丁目",153,131,140,271
20121001,"麻布地区総合支所管内","麻布台三丁目",414,340,405,745
20121001,"麻布地区総合支所管内","麻布十番一丁目",769,623,709,1332
20121001,"麻布地区総合支所管内","麻布十番二丁目",1610,1258,1409,2667
20121001,"麻布地区総合支所管内","麻布十番三丁目",1109,744,892,1636
20121001,"麻布地区総合支所管内","麻布十番四丁目",240,158,218,376
20121001,"麻布地区総合支所管内","東麻布一丁目",979,814,881,1695
20121001,"麻布地区総合支所管内","東麻布二丁目",1194,983,1074,2057
20121001,"麻布地区総合支所管内","東麻布三丁目",473,344,402,746
20121101,"麻布地区総合支所管内","麻布狸穴町",125,154,153,307
20121101,"麻布地区総合支所管内","麻布永坂町",84,106,126,232
20121101,"麻布地区総合支所管内","南麻布一丁目",1973,1702,1942,3644
20121101,"麻布地区総合支所管内","南麻布二丁目",1775,1330,1598,2928
20121101,"麻布地区総合支所管内","南麻布三丁目",1408,1371,1600,2971
20121101,"麻布地区総合支所管内","南麻布四丁目",1333,1232,1617,2849
20121101,"麻布地区総合支所管内","南麻布五丁目",869,970,1157,2127
20121101,"麻布地区総合支所管内","元麻布一丁目",511,570,682,1252
20121101,"麻布地区総合支所管内","元麻布二丁目",741,991,1188,2179
20121101,"麻布地区総合支所管内","元麻布三丁目",689,868,800,1668
20121101,"麻布地区総合支所管内","西麻布一丁目",929,751,811,1562
20121101,"麻布地区総合支所管内","西麻布二丁目",1335,1092,1261,2353
20121101,"麻布地区総合支所管内","西麻布三丁目",1474,1459,1633,3092
20121101,"麻布地区総合支所管内","西麻布四丁目",1291,1256,1512,2768
20121101,"麻布地区総合支所管内","六本木一丁目",719,927,977,1904
20121101,"麻布地区総合支所管内","六本木二丁目",448,330,378,708
20121101,"麻布地区総合支所管内","六本木三丁目",1210,1221,1028,2249
20121101,"麻布地区総合支所管内","六本木四丁目",546,631,605,1236
20121101,"麻布地区総合支所管内","六本木五丁目",943,834,1014,1848
20121101,"麻布地区総合支所管内","六本木六丁目",672,909,831,1740
20121101,"麻布地区総合支所管内","六本木七丁目",1183,980,1060,2040
20121101,"麻布地区総合支所管内","麻布台一丁目",443,409,390,799
20121101,"麻布地区総合支所管内","麻布台二丁目",147,129,140,269
20121101,"麻布地区総合支所管内","麻布台三丁目",419,351,407,758
20121101,"麻布地区総合支所管内","麻布十番一丁目",767,626,698,1324
20121101,"麻布地区総合支所管内","麻布十番二丁目",1615,1258,1407,2665
20121101,"麻布地区総合支所管内","麻布十番三丁目",1108,744,887,1631
20121101,"麻布地区総合支所管内","麻布十番四丁目",236,157,219,376
20121101,"麻布地区総合支所管内","東麻布一丁目",982,823,886,1709
20121101,"麻布地区総合支所管内","東麻布二丁目",1196,984,1077,2061
20121101,"麻布地区総合支所管内","東麻布三丁目",474,340,405,745
20121201,"麻布地区総合支所管内","麻布狸穴町",123,151,151,302
20121201,"麻布地区総合支所管内","麻布永坂町",85,105,128,233
20121201,"麻布地区総合支所管内","南麻布一丁目",1962,1687,1931,3618
20121201,"麻布地区総合支所管内","南麻布二丁目",1775,1329,1599,2928
20121201,"麻布地区総合支所管内","南麻布三丁目",1418,1385,1615,3000
20121201,"麻布地区総合支所管内","南麻布四丁目",1334,1243,1622,2865
20121201,"麻布地区総合支所管内","南麻布五丁目",879,976,1169,2145
20121201,"麻布地区総合支所管内","元麻布一丁目",508,575,682,1257
20121201,"麻布地区総合支所管内","元麻布二丁目",740,996,1198,2194
20121201,"麻布地区総合支所管内","元麻布三丁目",688,867,803,1670
20121201,"麻布地区総合支所管内","西麻布一丁目",928,751,813,1564
20121201,"麻布地区総合支所管内","西麻布二丁目",1338,1098,1266,2364
20121201,"麻布地区総合支所管内","西麻布三丁目",1462,1441,1619,3060
20121201,"麻布地区総合支所管内","西麻布四丁目",1284,1253,1510,2763
20121201,"麻布地区総合支所管内","六本木一丁目",748,963,1020,1983
20121201,"麻布地区総合支所管内","六本木二丁目",450,326,386,712
20121201,"麻布地区総合支所管内","六本木三丁目",1208,1223,1039,2262
20121201,"麻布地区総合支所管内","六本木四丁目",540,619,593,1212
20121201,"麻布地区総合支所管内","六本木五丁目",941,828,1009,1837
20121201,"麻布地区総合支所管内","六本木六丁目",659,892,818,1710
20121201,"麻布地区総合支所管内","六本木七丁目",1178,982,1059,2041
20121201,"麻布地区総合支所管内","麻布台一丁目",437,405,390,795
20121201,"麻布地区総合支所管内","麻布台二丁目",145,130,139,269
20121201,"麻布地区総合支所管内","麻布台三丁目",418,351,406,757
20121201,"麻布地区総合支所管内","麻布十番一丁目",760,616,692,1308
20121201,"麻布地区総合支所管内","麻布十番二丁目",1620,1266,1413,2679
20121201,"麻布地区総合支所管内","麻布十番三丁目",1118,755,894,1649
20121201,"麻布地区総合支所管内","麻布十番四丁目",235,159,220,379
20121201,"麻布地区総合支所管内","東麻布一丁目",982,830,886,1716
20121201,"麻布地区総合支所管内","東麻布二丁目",1202,997,1076,2073
20121201,"麻布地区総合支所管内","東麻布三丁目",473,337,405,742

"町丁目別人口・世帯数 2012年","Ver201212",,,,,